7.068109999999999671e-01
3.993579999999999908e-01
5.158650000000000041e-02
0.000000000000000000e+00
-3.122989999999999933e-01
0.000000000000000000e+00
4.798919999999999852e-01
0.000000000000000000e+00
1.754570000000000088e-02
9.535550000000000415e-01
-1.477630000000000055e-01
4.561209999999999987e-01
2.457030000000000047e-01
0.000000000000000000e+00
-4.480370000000000186e-01
0.000000000000000000e+00
9.621579999999999586e-04
9.034379999999999633e-01
0.000000000000000000e+00
0.000000000000000000e+00
0.000000000000000000e+00
-1.283499999999999919e-01
0.000000000000000000e+00
-4.011210000000000053e-01
0.000000000000000000e+00
4.475069999999999742e-02
2.275060000000000138e-01
1.709890000000000021e-01
2.437100000000000100e-01
0.000000000000000000e+00
0.000000000000000000e+00
8.712250000000000272e-01
0.000000000000000000e+00
1.204989999999999950e-01
3.104029999999999845e-01
2.716919999999999891e-01
0.000000000000000000e+00
0.000000000000000000e+00
0.000000000000000000e+00
0.000000000000000000e+00
0.000000000000000000e+00
5.607250000000000290e-01
0.000000000000000000e+00
0.000000000000000000e+00
0.000000000000000000e+00
0.000000000000000000e+00
0.000000000000000000e+00
-6.414670000000000094e-02
0.000000000000000000e+00
2.437100000000000100e-01
2.437100000000000100e-01
-2.588860000000000119e-02
-2.507300000000000084e-01
0.000000000000000000e+00
0.000000000000000000e+00
4.772080000000000211e-01
0.000000000000000000e+00
1.428740000000000010e-01
0.000000000000000000e+00
2.437100000000000100e-01
0.000000000000000000e+00
0.000000000000000000e+00
0.000000000000000000e+00
0.000000000000000000e+00
0.000000000000000000e+00
-1.597929999999999906e-01
3.462570000000000231e-02
0.000000000000000000e+00
7.412429999999999852e-01
2.512260000000000049e-01
4.429000000000000159e-01
0.000000000000000000e+00
0.000000000000000000e+00
2.246930000000000038e-01
6.408659999999999357e-02
0.000000000000000000e+00
2.109389999999999876e-01
-1.584280000000000063e-02
-1.807310000000000028e-01
2.396619999999999862e-01
4.374909999999999910e-02
2.952110000000000012e-01
5.985470000000000512e-01
0.000000000000000000e+00
-2.713240000000000096e-01
0.000000000000000000e+00
0.000000000000000000e+00
0.000000000000000000e+00
1.011070000000000024e-01
0.000000000000000000e+00
0.000000000000000000e+00
0.000000000000000000e+00
0.000000000000000000e+00
0.000000000000000000e+00
0.000000000000000000e+00
0.000000000000000000e+00
9.785399999999999654e-02
0.000000000000000000e+00
0.000000000000000000e+00
1.350760000000000016e-01
0.000000000000000000e+00
0.000000000000000000e+00
0.000000000000000000e+00
0.000000000000000000e+00
0.000000000000000000e+00
-9.487020000000000453e-01
0.000000000000000000e+00
1.885759999999999936e-01
0.000000000000000000e+00
0.000000000000000000e+00
0.000000000000000000e+00
0.000000000000000000e+00
0.000000000000000000e+00
0.000000000000000000e+00
1.117599999999999982e-01
0.000000000000000000e+00
0.000000000000000000e+00
7.068860000000000421e-02
0.000000000000000000e+00
6.223859999999999948e-01
0.000000000000000000e+00
1.197970000000000007e-01
2.665379999999999971e-01
0.000000000000000000e+00
0.000000000000000000e+00
0.000000000000000000e+00
-7.643060000000000132e-03
8.383220000000000116e-01
-9.203790000000000582e-02
-3.448599999999999999e-01
0.000000000000000000e+00
0.000000000000000000e+00
0.000000000000000000e+00
4.786540000000000239e-01
1.062619999999999953e-01
0.000000000000000000e+00
0.000000000000000000e+00
0.000000000000000000e+00
3.307669999999999777e-01
0.000000000000000000e+00
0.000000000000000000e+00
0.000000000000000000e+00
2.059799999999999964e-01
0.000000000000000000e+00
0.000000000000000000e+00
0.000000000000000000e+00
-2.376580000000000081e-01
0.000000000000000000e+00
0.000000000000000000e+00
0.000000000000000000e+00
3.095600000000000018e-01
0.000000000000000000e+00
6.372539999999999871e-01
7.612900000000000222e-02
0.000000000000000000e+00
0.000000000000000000e+00
0.000000000000000000e+00
5.338419999999999971e-02
0.000000000000000000e+00
2.723039999999999905e-01
0.000000000000000000e+00
0.000000000000000000e+00
-8.957740000000000147e-02
0.000000000000000000e+00
3.322649999999999770e-01
0.000000000000000000e+00
0.000000000000000000e+00
2.162759999999999960e-01
0.000000000000000000e+00
0.000000000000000000e+00
0.000000000000000000e+00
2.298260000000000025e-01
0.000000000000000000e+00
0.000000000000000000e+00
0.000000000000000000e+00
0.000000000000000000e+00
0.000000000000000000e+00
7.145569999999999977e-01
0.000000000000000000e+00
0.000000000000000000e+00
0.000000000000000000e+00
1.525370000000000024e-02
1.072449999999999931e-01
1.170979999999999910e+00
0.000000000000000000e+00
9.560799999999999854e-02
0.000000000000000000e+00
0.000000000000000000e+00
0.000000000000000000e+00
2.437100000000000100e-01
0.000000000000000000e+00
0.000000000000000000e+00
2.437100000000000100e-01
2.211789999999999867e-01
5.300019999999999731e-01
2.164530000000000065e-01
7.798169999999999824e-01
1.350750000000000006e-01
7.164859999999999562e-01
9.715360000000000662e-02
0.000000000000000000e+00
0.000000000000000000e+00
0.000000000000000000e+00
-1.607399999999999940e-01
0.000000000000000000e+00
0.000000000000000000e+00
-6.460660000000000291e-01
-3.498720000000000163e-01
-3.090749999999999886e-01
0.000000000000000000e+00
0.000000000000000000e+00
0.000000000000000000e+00
0.000000000000000000e+00
-5.640830000000000011e-01
0.000000000000000000e+00
-2.571109999999999784e-01
-3.535869999999999846e-01
0.000000000000000000e+00
-1.455799999999999983e+00
-5.764730000000000132e-01
-9.827470000000000372e-01
-4.933839999999999892e-01
0.000000000000000000e+00
6.985339999999999883e-01
-1.853170000000000164e-02
-1.862499999999999989e-01
0.000000000000000000e+00
-1.899589999999999959e-02
0.000000000000000000e+00
0.000000000000000000e+00
0.000000000000000000e+00
-1.704569999999999919e+00
-3.277950000000000030e-01
0.000000000000000000e+00
-3.737900000000000111e-01
-7.580770000000000564e-02
0.000000000000000000e+00
0.000000000000000000e+00
0.000000000000000000e+00
-1.076710000000000028e-01
-6.072490000000000387e-01
0.000000000000000000e+00
0.000000000000000000e+00
-8.734439999999999982e-01
-2.332990000000000064e-03
0.000000000000000000e+00
-5.182590000000000252e-01
0.000000000000000000e+00
-4.331889999999999907e-01
0.000000000000000000e+00
0.000000000000000000e+00
0.000000000000000000e+00
0.000000000000000000e+00
0.000000000000000000e+00
-1.775919999999999943e+00
0.000000000000000000e+00
0.000000000000000000e+00
-8.527879999999999905e-01
0.000000000000000000e+00
0.000000000000000000e+00
-4.343090000000000006e-01
0.000000000000000000e+00
-4.186590000000000034e-01
-2.832200000000000273e-01
-1.016680000000000028e+00
-2.522449999999999970e-01
-3.920529999999999848e-01
3.394139999999999917e-03
0.000000000000000000e+00
0.000000000000000000e+00
-3.642980000000000107e-01
-3.227619999999999795e-02
-2.067630000000000023e-01
-4.596350000000000158e-01
0.000000000000000000e+00
-6.073709999999999942e-01
-1.838449999999999937e-03
0.000000000000000000e+00
-8.656570000000000098e-01
0.000000000000000000e+00
0.000000000000000000e+00
0.000000000000000000e+00
-2.511769999999999836e-01
0.000000000000000000e+00
-2.706379999999999897e-01
-6.167790000000000078e-02
0.000000000000000000e+00
0.000000000000000000e+00
-1.986890000000000045e+00
-1.252610000000000001e+00
-1.237419999999999964e+00
1.016370000000000051e-01
-4.326709999999999723e-01
0.000000000000000000e+00
-2.045410000000000006e-01
0.000000000000000000e+00
-3.808659999999999823e-01
0.000000000000000000e+00
0.000000000000000000e+00
0.000000000000000000e+00
0.000000000000000000e+00
0.000000000000000000e+00
0.000000000000000000e+00
0.000000000000000000e+00
0.000000000000000000e+00
0.000000000000000000e+00
0.000000000000000000e+00
0.000000000000000000e+00
0.000000000000000000e+00
0.000000000000000000e+00
3.858980000000000049e-02
0.000000000000000000e+00
0.000000000000000000e+00
0.000000000000000000e+00
0.000000000000000000e+00
-6.315039999999999543e-01
0.000000000000000000e+00
0.000000000000000000e+00
0.000000000000000000e+00
0.000000000000000000e+00
-5.143569999999999531e-01
0.000000000000000000e+00
-4.419750000000000068e-01
-6.971070000000000322e-01
-1.501250000000000084e-01
0.000000000000000000e+00
0.000000000000000000e+00
0.000000000000000000e+00
0.000000000000000000e+00
0.000000000000000000e+00
0.000000000000000000e+00
0.000000000000000000e+00
0.000000000000000000e+00
-1.637669999999999959e-01
0.000000000000000000e+00
0.000000000000000000e+00
-7.748399999999999732e-01
0.000000000000000000e+00
0.000000000000000000e+00
-1.316080000000000028e-01
-9.247639999999999680e-03
0.000000000000000000e+00
0.000000000000000000e+00
0.000000000000000000e+00
9.604440000000000199e-02
0.000000000000000000e+00
0.000000000000000000e+00
0.000000000000000000e+00
0.000000000000000000e+00
-3.275150000000000006e-01
0.000000000000000000e+00
0.000000000000000000e+00
0.000000000000000000e+00
0.000000000000000000e+00
0.000000000000000000e+00
-7.036069999999999824e-01
0.000000000000000000e+00
-3.020559999999999912e-01
-5.782300000000000217e-01
0.000000000000000000e+00
0.000000000000000000e+00
-7.095169999999999533e-01
0.000000000000000000e+00
0.000000000000000000e+00
0.000000000000000000e+00
-8.323249999999999815e-01
-3.573080000000000145e-01
0.000000000000000000e+00
-8.231870000000000021e-01
0.000000000000000000e+00
0.000000000000000000e+00
0.000000000000000000e+00
0.000000000000000000e+00
0.000000000000000000e+00
0.000000000000000000e+00
0.000000000000000000e+00
0.000000000000000000e+00
0.000000000000000000e+00
0.000000000000000000e+00
-1.676169999999999938e+00
0.000000000000000000e+00
0.000000000000000000e+00
-3.924380000000000090e-01
-1.487650000000000083e-01
8.088099999999999457e-02
0.000000000000000000e+00
0.000000000000000000e+00
0.000000000000000000e+00
0.000000000000000000e+00
0.000000000000000000e+00
-9.391869999999999385e-02
0.000000000000000000e+00
-1.590979999999999894e-01
0.000000000000000000e+00
0.000000000000000000e+00
0.000000000000000000e+00
0.000000000000000000e+00
0.000000000000000000e+00
-6.020469999999999988e-01
0.000000000000000000e+00
0.000000000000000000e+00
0.000000000000000000e+00
0.000000000000000000e+00
0.000000000000000000e+00
0.000000000000000000e+00
0.000000000000000000e+00
-5.403599999999999515e-01
0.000000000000000000e+00
0.000000000000000000e+00
0.000000000000000000e+00
0.000000000000000000e+00
0.000000000000000000e+00
0.000000000000000000e+00
0.000000000000000000e+00
-5.036840000000000206e-01
0.000000000000000000e+00
6.584630000000000205e-01
0.000000000000000000e+00
-1.639269999999999894e-01
-1.053239999999999954e+00
-3.969179999999999930e-01
0.000000000000000000e+00
0.000000000000000000e+00
0.000000000000000000e+00
0.000000000000000000e+00
0.000000000000000000e+00
0.000000000000000000e+00
0.000000000000000000e+00
1.633120000000000127e-01
0.000000000000000000e+00
0.000000000000000000e+00
0.000000000000000000e+00
0.000000000000000000e+00
0.000000000000000000e+00
0.000000000000000000e+00
-4.469670000000000032e-01
-6.497929999999999540e-01
0.000000000000000000e+00
0.000000000000000000e+00
0.000000000000000000e+00
-7.505349999999999522e-02
-1.648300000000000043e-01
0.000000000000000000e+00
0.000000000000000000e+00
4.155599999999999850e-01
0.000000000000000000e+00
-8.805899999999999839e-01
0.000000000000000000e+00
0.000000000000000000e+00
0.000000000000000000e+00
0.000000000000000000e+00
0.000000000000000000e+00
0.000000000000000000e+00
0.000000000000000000e+00
0.000000000000000000e+00
0.000000000000000000e+00
0.000000000000000000e+00
0.000000000000000000e+00
0.000000000000000000e+00
0.000000000000000000e+00
0.000000000000000000e+00
0.000000000000000000e+00
0.000000000000000000e+00
0.000000000000000000e+00
0.000000000000000000e+00
-4.514969999999999817e-01
0.000000000000000000e+00
0.000000000000000000e+00
-8.333749999999999769e-01
-1.375840000000000118e-01
0.000000000000000000e+00
0.000000000000000000e+00
-3.281569999999999765e-01
0.000000000000000000e+00
0.000000000000000000e+00
0.000000000000000000e+00
2.809610000000000163e-01
0.000000000000000000e+00
0.000000000000000000e+00
0.000000000000000000e+00
0.000000000000000000e+00
0.000000000000000000e+00
0.000000000000000000e+00
1.273259999999999947e-01
0.000000000000000000e+00
0.000000000000000000e+00
0.000000000000000000e+00
0.000000000000000000e+00
0.000000000000000000e+00
0.000000000000000000e+00
0.000000000000000000e+00
0.000000000000000000e+00
0.000000000000000000e+00
6.992639999999999967e-02
0.000000000000000000e+00
0.000000000000000000e+00
0.000000000000000000e+00
0.000000000000000000e+00
0.000000000000000000e+00
0.000000000000000000e+00
0.000000000000000000e+00
0.000000000000000000e+00
-6.221499999999999808e-01
0.000000000000000000e+00
0.000000000000000000e+00
0.000000000000000000e+00
0.000000000000000000e+00
0.000000000000000000e+00
0.000000000000000000e+00
0.000000000000000000e+00
-1.703189999999999982e+00
-1.071760000000000046e+00
0.000000000000000000e+00
0.000000000000000000e+00
0.000000000000000000e+00
0.000000000000000000e+00
0.000000000000000000e+00
0.000000000000000000e+00
0.000000000000000000e+00
0.000000000000000000e+00
0.000000000000000000e+00
4.079479999999999773e-01
0.000000000000000000e+00
0.000000000000000000e+00
0.000000000000000000e+00
2.849550000000000138e-01
0.000000000000000000e+00
0.000000000000000000e+00
0.000000000000000000e+00
0.000000000000000000e+00
0.000000000000000000e+00
0.000000000000000000e+00
0.000000000000000000e+00
0.000000000000000000e+00
0.000000000000000000e+00
0.000000000000000000e+00
0.000000000000000000e+00
0.000000000000000000e+00
0.000000000000000000e+00
0.000000000000000000e+00
0.000000000000000000e+00
0.000000000000000000e+00
4.561219999999999858e-02
1.265000000000000013e-01
0.000000000000000000e+00
0.000000000000000000e+00
0.000000000000000000e+00
0.000000000000000000e+00
0.000000000000000000e+00
0.000000000000000000e+00
0.000000000000000000e+00
0.000000000000000000e+00
0.000000000000000000e+00
0.000000000000000000e+00
0.000000000000000000e+00
0.000000000000000000e+00
0.000000000000000000e+00
1.186190000000000022e-01
6.084529999999999800e-02
4.921019999999999839e-01
0.000000000000000000e+00
0.000000000000000000e+00
0.000000000000000000e+00
-2.015569999999999862e-01
0.000000000000000000e+00
0.000000000000000000e+00
0.000000000000000000e+00
0.000000000000000000e+00
0.000000000000000000e+00
0.000000000000000000e+00
0.000000000000000000e+00
0.000000000000000000e+00
0.000000000000000000e+00
0.000000000000000000e+00
3.263240000000000030e-01
0.000000000000000000e+00
-4.672029999999999794e-01
0.000000000000000000e+00
0.000000000000000000e+00
0.000000000000000000e+00
0.000000000000000000e+00
0.000000000000000000e+00
2.590040000000000120e-01
0.000000000000000000e+00
0.000000000000000000e+00
0.000000000000000000e+00
0.000000000000000000e+00
7.531489999999999574e-01
0.000000000000000000e+00
0.000000000000000000e+00
0.000000000000000000e+00
0.000000000000000000e+00
0.000000000000000000e+00
0.000000000000000000e+00
0.000000000000000000e+00
0.000000000000000000e+00
0.000000000000000000e+00
0.000000000000000000e+00
0.000000000000000000e+00
-4.401399999999999757e-01
0.000000000000000000e+00
0.000000000000000000e+00
-1.427219999999999878e-01
0.000000000000000000e+00
0.000000000000000000e+00
0.000000000000000000e+00
0.000000000000000000e+00
5.785550000000000415e-01
0.000000000000000000e+00
1.450329999999999953e-01
0.000000000000000000e+00
0.000000000000000000e+00
0.000000000000000000e+00
0.000000000000000000e+00
0.000000000000000000e+00
0.000000000000000000e+00
0.000000000000000000e+00
-4.214289999999999703e-02
0.000000000000000000e+00
0.000000000000000000e+00
0.000000000000000000e+00
0.000000000000000000e+00
0.000000000000000000e+00
0.000000000000000000e+00
0.000000000000000000e+00
0.000000000000000000e+00
-9.187839999999999202e-03
0.000000000000000000e+00
-2.313790000000000013e-01
0.000000000000000000e+00
0.000000000000000000e+00
-3.101590000000000180e-01
0.000000000000000000e+00
0.000000000000000000e+00
0.000000000000000000e+00
0.000000000000000000e+00
0.000000000000000000e+00
0.000000000000000000e+00
0.000000000000000000e+00
0.000000000000000000e+00
0.000000000000000000e+00
0.000000000000000000e+00
0.000000000000000000e+00
0.000000000000000000e+00
0.000000000000000000e+00
0.000000000000000000e+00
0.000000000000000000e+00
-4.519850000000000256e-02
8.724220000000000586e-02
0.000000000000000000e+00
0.000000000000000000e+00
0.000000000000000000e+00
0.000000000000000000e+00
0.000000000000000000e+00
0.000000000000000000e+00
0.000000000000000000e+00
0.000000000000000000e+00
0.000000000000000000e+00
0.000000000000000000e+00
0.000000000000000000e+00
0.000000000000000000e+00
0.000000000000000000e+00
0.000000000000000000e+00
0.000000000000000000e+00
0.000000000000000000e+00
-6.881930000000000547e-01
-3.992879999999999763e-01
0.000000000000000000e+00
0.000000000000000000e+00
-6.319860000000000477e-01
0.000000000000000000e+00
-6.584919999999999662e-02
3.334590000000000054e-01
-1.364239999999999897e+00
0.000000000000000000e+00
0.000000000000000000e+00
0.000000000000000000e+00
0.000000000000000000e+00
0.000000000000000000e+00
0.000000000000000000e+00
0.000000000000000000e+00
0.000000000000000000e+00
0.000000000000000000e+00
0.000000000000000000e+00
0.000000000000000000e+00
0.000000000000000000e+00
0.000000000000000000e+00
4.854910000000000059e-01
0.000000000000000000e+00
5.109909999999999730e-01
0.000000000000000000e+00
0.000000000000000000e+00
0.000000000000000000e+00
0.000000000000000000e+00
0.000000000000000000e+00
0.000000000000000000e+00
0.000000000000000000e+00
0.000000000000000000e+00
0.000000000000000000e+00
0.000000000000000000e+00
0.000000000000000000e+00
0.000000000000000000e+00
0.000000000000000000e+00
0.000000000000000000e+00
0.000000000000000000e+00
0.000000000000000000e+00
0.000000000000000000e+00
0.000000000000000000e+00
0.000000000000000000e+00
0.000000000000000000e+00
0.000000000000000000e+00
0.000000000000000000e+00
0.000000000000000000e+00
0.000000000000000000e+00
1.190520000000000023e+00
0.000000000000000000e+00
0.000000000000000000e+00
-2.155209999999999904e-01
0.000000000000000000e+00
0.000000000000000000e+00
0.000000000000000000e+00
0.000000000000000000e+00
-3.654350000000000098e-01
0.000000000000000000e+00
0.000000000000000000e+00
0.000000000000000000e+00
-3.111430000000000029e-01
6.992560000000000442e-02
0.000000000000000000e+00
0.000000000000000000e+00
0.000000000000000000e+00
0.000000000000000000e+00
0.000000000000000000e+00
4.874339999999999784e-01
-6.430010000000000447e-01
0.000000000000000000e+00
0.000000000000000000e+00
3.639620000000000077e-01
0.000000000000000000e+00
0.000000000000000000e+00
0.000000000000000000e+00
0.000000000000000000e+00
0.000000000000000000e+00
0.000000000000000000e+00
4.609849999999999781e-01
-1.053650000000000003e-01
0.000000000000000000e+00
0.000000000000000000e+00
4.399520000000000097e-01
0.000000000000000000e+00
0.000000000000000000e+00
0.000000000000000000e+00
0.000000000000000000e+00
0.000000000000000000e+00
-2.449780000000000013e-01
0.000000000000000000e+00
0.000000000000000000e+00
0.000000000000000000e+00
0.000000000000000000e+00
-9.574359999999999815e-02
2.417249999999999954e-01
-8.816659999999999497e-01
0.000000000000000000e+00
0.000000000000000000e+00
0.000000000000000000e+00
3.316009999999999791e-01
0.000000000000000000e+00
0.000000000000000000e+00
0.000000000000000000e+00
0.000000000000000000e+00
0.000000000000000000e+00
0.000000000000000000e+00
1.213309999999999944e-01
0.000000000000000000e+00
0.000000000000000000e+00
0.000000000000000000e+00
0.000000000000000000e+00
0.000000000000000000e+00
0.000000000000000000e+00
0.000000000000000000e+00
0.000000000000000000e+00
0.000000000000000000e+00
0.000000000000000000e+00
0.000000000000000000e+00
0.000000000000000000e+00
-6.489129999999999621e-01
0.000000000000000000e+00
-1.200029999999999930e+00
0.000000000000000000e+00
1.377400000000000013e-01
0.000000000000000000e+00
0.000000000000000000e+00
9.389929999999999458e-03
0.000000000000000000e+00
0.000000000000000000e+00
0.000000000000000000e+00
0.000000000000000000e+00
0.000000000000000000e+00
0.000000000000000000e+00
-3.041280000000000025e-02
0.000000000000000000e+00
0.000000000000000000e+00
0.000000000000000000e+00
0.000000000000000000e+00
0.000000000000000000e+00
0.000000000000000000e+00
8.865349999999999620e-01
0.000000000000000000e+00
0.000000000000000000e+00
-2.360679999999999983e-03
0.000000000000000000e+00
0.000000000000000000e+00
0.000000000000000000e+00
0.000000000000000000e+00
0.000000000000000000e+00
0.000000000000000000e+00
0.000000000000000000e+00
0.000000000000000000e+00
-2.310659999999999936e-01
0.000000000000000000e+00
0.000000000000000000e+00
0.000000000000000000e+00
0.000000000000000000e+00
0.000000000000000000e+00
0.000000000000000000e+00
0.000000000000000000e+00
0.000000000000000000e+00
7.967619999999999703e-01
0.000000000000000000e+00
0.000000000000000000e+00
-3.434450000000000003e-01
0.000000000000000000e+00
0.000000000000000000e+00
0.000000000000000000e+00
0.000000000000000000e+00
0.000000000000000000e+00
0.000000000000000000e+00
0.000000000000000000e+00
0.000000000000000000e+00
0.000000000000000000e+00
0.000000000000000000e+00
0.000000000000000000e+00
0.000000000000000000e+00
0.000000000000000000e+00
0.000000000000000000e+00
-9.977300000000000058e-02
0.000000000000000000e+00
0.000000000000000000e+00
0.000000000000000000e+00
0.000000000000000000e+00
0.000000000000000000e+00
0.000000000000000000e+00
0.000000000000000000e+00
0.000000000000000000e+00
0.000000000000000000e+00
0.000000000000000000e+00
0.000000000000000000e+00
0.000000000000000000e+00
0.000000000000000000e+00
0.000000000000000000e+00
0.000000000000000000e+00
0.000000000000000000e+00
0.000000000000000000e+00
0.000000000000000000e+00
0.000000000000000000e+00
0.000000000000000000e+00
0.000000000000000000e+00
0.000000000000000000e+00
6.613199999999999634e-02
0.000000000000000000e+00
0.000000000000000000e+00
0.000000000000000000e+00
0.000000000000000000e+00
0.000000000000000000e+00
0.000000000000000000e+00
0.000000000000000000e+00
0.000000000000000000e+00
0.000000000000000000e+00
0.000000000000000000e+00
0.000000000000000000e+00
0.000000000000000000e+00
0.000000000000000000e+00
0.000000000000000000e+00
0.000000000000000000e+00
0.000000000000000000e+00
0.000000000000000000e+00
0.000000000000000000e+00
0.000000000000000000e+00
0.000000000000000000e+00
0.000000000000000000e+00
0.000000000000000000e+00
0.000000000000000000e+00
8.683049999999999935e-01
0.000000000000000000e+00
0.000000000000000000e+00
0.000000000000000000e+00
0.000000000000000000e+00
0.000000000000000000e+00
0.000000000000000000e+00
0.000000000000000000e+00
0.000000000000000000e+00
0.000000000000000000e+00
0.000000000000000000e+00
0.000000000000000000e+00
0.000000000000000000e+00
0.000000000000000000e+00
0.000000000000000000e+00
0.000000000000000000e+00
0.000000000000000000e+00
7.258729999999999349e-02
0.000000000000000000e+00
0.000000000000000000e+00
0.000000000000000000e+00
-1.748439999999999994e+00
0.000000000000000000e+00
0.000000000000000000e+00
0.000000000000000000e+00
0.000000000000000000e+00
0.000000000000000000e+00
0.000000000000000000e+00
0.000000000000000000e+00
0.000000000000000000e+00
0.000000000000000000e+00
0.000000000000000000e+00
0.000000000000000000e+00
0.000000000000000000e+00
0.000000000000000000e+00
0.000000000000000000e+00
0.000000000000000000e+00
0.000000000000000000e+00
0.000000000000000000e+00
0.000000000000000000e+00
0.000000000000000000e+00
0.000000000000000000e+00
-7.671510000000000273e-01
0.000000000000000000e+00
0.000000000000000000e+00
0.000000000000000000e+00
0.000000000000000000e+00
0.000000000000000000e+00
-1.088589999999999974e-01
-1.482759999999999911e-01
0.000000000000000000e+00
0.000000000000000000e+00
0.000000000000000000e+00
5.446100000000000246e-02
0.000000000000000000e+00
0.000000000000000000e+00
-3.261320000000000191e-02
0.000000000000000000e+00
0.000000000000000000e+00
0.000000000000000000e+00
0.000000000000000000e+00
0.000000000000000000e+00
0.000000000000000000e+00
0.000000000000000000e+00
0.000000000000000000e+00
0.000000000000000000e+00
0.000000000000000000e+00
1.818690000000000029e-01
0.000000000000000000e+00
0.000000000000000000e+00
0.000000000000000000e+00
0.000000000000000000e+00
0.000000000000000000e+00
0.000000000000000000e+00
0.000000000000000000e+00
0.000000000000000000e+00
