1.949230000000000129e-01
4.701699999999999768e-01
5.212250000000000494e-01
4.708029999999999854e-02
-2.530100000000000057e-02
0.000000000000000000e+00
1.039290000000000047e+00
0.000000000000000000e+00
8.336639999999999606e-01
1.765960000000000030e-01
0.000000000000000000e+00
2.473360000000000003e-01
0.000000000000000000e+00
2.553219999999999934e-01
0.000000000000000000e+00
0.000000000000000000e+00
-8.814859999999999918e-01
5.541310000000000402e-01
3.693509999999999849e-01
0.000000000000000000e+00
0.000000000000000000e+00
0.000000000000000000e+00
0.000000000000000000e+00
1.668610000000000093e-01
0.000000000000000000e+00
3.066209999999999769e-01
3.671829999999999816e-01
-5.627209999999999851e-02
1.616200000000000081e+00
3.097820000000000018e-01
0.000000000000000000e+00
1.765479999999999938e+00
-1.586229999999999862e-01
3.794239999999999835e-01
0.000000000000000000e+00
1.510380000000000056e-01
0.000000000000000000e+00
0.000000000000000000e+00
0.000000000000000000e+00
1.109440000000000009e-01
0.000000000000000000e+00
1.302719999999999989e-01
4.246219999999999994e-01
0.000000000000000000e+00
-2.769679999999999920e-01
0.000000000000000000e+00
0.000000000000000000e+00
2.103619999999999934e-01
7.721510000000000318e-01
1.555290000000000006e-01
1.555290000000000006e-01
0.000000000000000000e+00
5.884930000000000438e-01
-1.145140000000000047e-01
-3.966609999999999858e-01
7.879550000000000443e-02
0.000000000000000000e+00
0.000000000000000000e+00
0.000000000000000000e+00
1.425839999999999885e-01
0.000000000000000000e+00
0.000000000000000000e+00
3.887479999999999825e-01
1.297619999999999996e+00
0.000000000000000000e+00
0.000000000000000000e+00
-9.026990000000000014e-02
0.000000000000000000e+00
0.000000000000000000e+00
0.000000000000000000e+00
8.107870000000000354e-01
0.000000000000000000e+00
0.000000000000000000e+00
0.000000000000000000e+00
2.560320000000000044e-03
0.000000000000000000e+00
0.000000000000000000e+00
1.400109999999999966e-01
0.000000000000000000e+00
5.659739999999999771e-01
-2.483259999999999912e-01
4.422960000000000225e-01
5.480829999999999869e-01
0.000000000000000000e+00
5.271549999999999847e-02
0.000000000000000000e+00
6.826329999999999898e-02
0.000000000000000000e+00
0.000000000000000000e+00
7.985870000000000468e-02
0.000000000000000000e+00
0.000000000000000000e+00
0.000000000000000000e+00
0.000000000000000000e+00
0.000000000000000000e+00
0.000000000000000000e+00
2.802149999999999919e-01
6.490830000000000211e-02
3.343550000000000133e-01
0.000000000000000000e+00
0.000000000000000000e+00
0.000000000000000000e+00
0.000000000000000000e+00
0.000000000000000000e+00
0.000000000000000000e+00
6.582639999999999325e-02
0.000000000000000000e+00
-1.713739999999999986e-01
0.000000000000000000e+00
1.019879999999999898e+00
1.009379999999999944e+00
0.000000000000000000e+00
0.000000000000000000e+00
0.000000000000000000e+00
-1.307949999999999946e-01
0.000000000000000000e+00
0.000000000000000000e+00
0.000000000000000000e+00
0.000000000000000000e+00
0.000000000000000000e+00
0.000000000000000000e+00
-6.743970000000000520e-02
8.088189999999999547e-01
1.723989999999999967e-01
0.000000000000000000e+00
0.000000000000000000e+00
0.000000000000000000e+00
2.980800000000000116e-01
0.000000000000000000e+00
7.620599999999999596e-01
4.626890000000000169e-02
0.000000000000000000e+00
7.973009999999999819e-02
0.000000000000000000e+00
8.186499999999999888e-01
0.000000000000000000e+00
0.000000000000000000e+00
0.000000000000000000e+00
-2.573090000000000099e-01
0.000000000000000000e+00
0.000000000000000000e+00
0.000000000000000000e+00
0.000000000000000000e+00
0.000000000000000000e+00
0.000000000000000000e+00
0.000000000000000000e+00
0.000000000000000000e+00
0.000000000000000000e+00
0.000000000000000000e+00
0.000000000000000000e+00
7.529990000000000294e-02
0.000000000000000000e+00
6.598079999999999501e-01
0.000000000000000000e+00
0.000000000000000000e+00
0.000000000000000000e+00
0.000000000000000000e+00
0.000000000000000000e+00
1.576000000000000068e+00
0.000000000000000000e+00
-2.999840000000000145e-02
0.000000000000000000e+00
0.000000000000000000e+00
0.000000000000000000e+00
4.713060000000000166e-02
0.000000000000000000e+00
7.210710000000000383e-03
0.000000000000000000e+00
0.000000000000000000e+00
6.865750000000000325e-03
0.000000000000000000e+00
9.700570000000000026e-02
3.702110000000000123e-01
0.000000000000000000e+00
0.000000000000000000e+00
0.000000000000000000e+00
0.000000000000000000e+00
0.000000000000000000e+00
0.000000000000000000e+00
0.000000000000000000e+00
0.000000000000000000e+00
1.097620000000000040e+00
0.000000000000000000e+00
1.139469999999999983e+00
0.000000000000000000e+00
0.000000000000000000e+00
0.000000000000000000e+00
0.000000000000000000e+00
0.000000000000000000e+00
1.555290000000000006e-01
0.000000000000000000e+00
0.000000000000000000e+00
1.555290000000000006e-01
1.644500000000000128e-01
8.393140000000000323e-02
8.273350000000000148e-02
-4.266010000000000080e-01
0.000000000000000000e+00
5.431629999999999514e-01
0.000000000000000000e+00
0.000000000000000000e+00
0.000000000000000000e+00
0.000000000000000000e+00
0.000000000000000000e+00
0.000000000000000000e+00
0.000000000000000000e+00
0.000000000000000000e+00
0.000000000000000000e+00
3.309879999999999767e-02
0.000000000000000000e+00
0.000000000000000000e+00
0.000000000000000000e+00
0.000000000000000000e+00
-2.243360000000000076e-01
0.000000000000000000e+00
0.000000000000000000e+00
0.000000000000000000e+00
9.024339999999999584e-01
0.000000000000000000e+00
0.000000000000000000e+00
0.000000000000000000e+00
0.000000000000000000e+00
0.000000000000000000e+00
0.000000000000000000e+00
-1.811409999999999965e-01
0.000000000000000000e+00
0.000000000000000000e+00
-4.457920000000000216e-01
0.000000000000000000e+00
2.754389999999999894e-01
0.000000000000000000e+00
0.000000000000000000e+00
0.000000000000000000e+00
7.812069999999999848e-01
0.000000000000000000e+00
0.000000000000000000e+00
0.000000000000000000e+00
0.000000000000000000e+00
-2.738979999999999748e-01
0.000000000000000000e+00
0.000000000000000000e+00
0.000000000000000000e+00
0.000000000000000000e+00
0.000000000000000000e+00
0.000000000000000000e+00
-1.551020000000000065e+00
0.000000000000000000e+00
0.000000000000000000e+00
1.115680000000000005e-01
0.000000000000000000e+00
0.000000000000000000e+00
0.000000000000000000e+00
0.000000000000000000e+00
0.000000000000000000e+00
0.000000000000000000e+00
0.000000000000000000e+00
0.000000000000000000e+00
0.000000000000000000e+00
0.000000000000000000e+00
0.000000000000000000e+00
0.000000000000000000e+00
0.000000000000000000e+00
0.000000000000000000e+00
0.000000000000000000e+00
0.000000000000000000e+00
0.000000000000000000e+00
0.000000000000000000e+00
1.914829999999999866e-01
2.448909999999999976e-01
0.000000000000000000e+00
0.000000000000000000e+00
0.000000000000000000e+00
4.922360000000000069e-01
0.000000000000000000e+00
0.000000000000000000e+00
0.000000000000000000e+00
0.000000000000000000e+00
0.000000000000000000e+00
0.000000000000000000e+00
0.000000000000000000e+00
0.000000000000000000e+00
0.000000000000000000e+00
0.000000000000000000e+00
0.000000000000000000e+00
0.000000000000000000e+00
0.000000000000000000e+00
0.000000000000000000e+00
-7.032629999999999715e-01
0.000000000000000000e+00
0.000000000000000000e+00
0.000000000000000000e+00
0.000000000000000000e+00
0.000000000000000000e+00
9.232690000000000063e-01
0.000000000000000000e+00
-7.566080000000000028e-02
-2.283250000000000002e-01
0.000000000000000000e+00
0.000000000000000000e+00
0.000000000000000000e+00
0.000000000000000000e+00
0.000000000000000000e+00
0.000000000000000000e+00
0.000000000000000000e+00
0.000000000000000000e+00
0.000000000000000000e+00
0.000000000000000000e+00
0.000000000000000000e+00
-6.297580000000000400e-01
2.672269999999999923e-01
-2.462050000000000072e-01
0.000000000000000000e+00
1.548640000000000017e-01
0.000000000000000000e+00
0.000000000000000000e+00
0.000000000000000000e+00
-9.416879999999999695e-01
0.000000000000000000e+00
0.000000000000000000e+00
0.000000000000000000e+00
0.000000000000000000e+00
0.000000000000000000e+00
0.000000000000000000e+00
0.000000000000000000e+00
0.000000000000000000e+00
0.000000000000000000e+00
0.000000000000000000e+00
0.000000000000000000e+00
0.000000000000000000e+00
0.000000000000000000e+00
0.000000000000000000e+00
0.000000000000000000e+00
0.000000000000000000e+00
0.000000000000000000e+00
0.000000000000000000e+00
0.000000000000000000e+00
0.000000000000000000e+00
0.000000000000000000e+00
0.000000000000000000e+00
-4.403270000000000239e-01
-9.918959999999999999e-01
8.830630000000000424e-01
0.000000000000000000e+00
-8.858439999999999648e-01
0.000000000000000000e+00
3.740430000000000144e-01
0.000000000000000000e+00
0.000000000000000000e+00
0.000000000000000000e+00
0.000000000000000000e+00
0.000000000000000000e+00
0.000000000000000000e+00
0.000000000000000000e+00
0.000000000000000000e+00
7.287710000000000021e-02
0.000000000000000000e+00
2.454469999999999985e-01
0.000000000000000000e+00
0.000000000000000000e+00
8.416160000000000307e-01
8.823569999999999469e-01
0.000000000000000000e+00
0.000000000000000000e+00
0.000000000000000000e+00
0.000000000000000000e+00
0.000000000000000000e+00
0.000000000000000000e+00
0.000000000000000000e+00
0.000000000000000000e+00
0.000000000000000000e+00
0.000000000000000000e+00
0.000000000000000000e+00
0.000000000000000000e+00
0.000000000000000000e+00
0.000000000000000000e+00
0.000000000000000000e+00
0.000000000000000000e+00
0.000000000000000000e+00
0.000000000000000000e+00
0.000000000000000000e+00
0.000000000000000000e+00
0.000000000000000000e+00
0.000000000000000000e+00
0.000000000000000000e+00
2.119969999999999841e-02
0.000000000000000000e+00
0.000000000000000000e+00
0.000000000000000000e+00
0.000000000000000000e+00
0.000000000000000000e+00
0.000000000000000000e+00
0.000000000000000000e+00
-1.286650000000000016e-01
0.000000000000000000e+00
0.000000000000000000e+00
0.000000000000000000e+00
0.000000000000000000e+00
0.000000000000000000e+00
-6.032899999999999929e-01
0.000000000000000000e+00
0.000000000000000000e+00
0.000000000000000000e+00
0.000000000000000000e+00
0.000000000000000000e+00
0.000000000000000000e+00
-4.145610000000000128e-01
-4.427989999999999982e-01
0.000000000000000000e+00
-1.837229999999999974e-01
-2.639050000000000007e-01
0.000000000000000000e+00
-5.246309999999999585e-01
0.000000000000000000e+00
0.000000000000000000e+00
0.000000000000000000e+00
0.000000000000000000e+00
0.000000000000000000e+00
0.000000000000000000e+00
-7.729859999999999509e-01
0.000000000000000000e+00
-3.378769999999999829e-01
0.000000000000000000e+00
0.000000000000000000e+00
0.000000000000000000e+00
0.000000000000000000e+00
0.000000000000000000e+00
-2.382440000000000046e-04
0.000000000000000000e+00
0.000000000000000000e+00
0.000000000000000000e+00
0.000000000000000000e+00
-2.064149999999999874e-01
0.000000000000000000e+00
0.000000000000000000e+00
0.000000000000000000e+00
0.000000000000000000e+00
-7.197759999999999714e-01
0.000000000000000000e+00
0.000000000000000000e+00
0.000000000000000000e+00
-4.689499999999999780e-01
-2.411540000000000072e-01
-1.419140000000000124e-01
-1.084410000000000096e+00
-5.022020000000000373e-01
0.000000000000000000e+00
0.000000000000000000e+00
0.000000000000000000e+00
-2.024890000000000079e+00
0.000000000000000000e+00
0.000000000000000000e+00
0.000000000000000000e+00
-2.481540000000000135e-01
0.000000000000000000e+00
0.000000000000000000e+00
0.000000000000000000e+00
0.000000000000000000e+00
0.000000000000000000e+00
0.000000000000000000e+00
-3.736689999999999734e-01
0.000000000000000000e+00
-4.826880000000000059e-01
0.000000000000000000e+00
-1.423659999999999926e-01
0.000000000000000000e+00
0.000000000000000000e+00
0.000000000000000000e+00
0.000000000000000000e+00
-6.428899999999999615e-01
-3.055659999999999973e-02
0.000000000000000000e+00
0.000000000000000000e+00
-4.554449999999999887e-01
-8.505230000000000290e-01
-8.055670000000000330e-01
0.000000000000000000e+00
0.000000000000000000e+00
0.000000000000000000e+00
0.000000000000000000e+00
0.000000000000000000e+00
0.000000000000000000e+00
7.107719999999999594e-01
0.000000000000000000e+00
-8.991730000000000556e-02
0.000000000000000000e+00
0.000000000000000000e+00
0.000000000000000000e+00
0.000000000000000000e+00
0.000000000000000000e+00
0.000000000000000000e+00
0.000000000000000000e+00
0.000000000000000000e+00
0.000000000000000000e+00
-1.186149999999999982e-01
-2.545580000000000065e-01
0.000000000000000000e+00
-2.389439999999999897e-01
0.000000000000000000e+00
0.000000000000000000e+00
-9.134130000000000305e-01
0.000000000000000000e+00
1.083989999999999954e-01
-8.258440000000000225e-01
0.000000000000000000e+00
0.000000000000000000e+00
-4.299439999999999928e-01
-2.349950000000000094e-01
0.000000000000000000e+00
-3.346089999999999898e-01
0.000000000000000000e+00
-2.051439999999999930e+00
-1.319099999999999995e-01
0.000000000000000000e+00
0.000000000000000000e+00
0.000000000000000000e+00
0.000000000000000000e+00
0.000000000000000000e+00
0.000000000000000000e+00
0.000000000000000000e+00
0.000000000000000000e+00
0.000000000000000000e+00
6.050919999999999910e-02
-6.700990000000000002e-01
0.000000000000000000e+00
0.000000000000000000e+00
-1.296059999999999990e-01
-1.175470000000000015e+00
0.000000000000000000e+00
-1.526980000000000004e-01
-3.402270000000000016e-01
0.000000000000000000e+00
0.000000000000000000e+00
0.000000000000000000e+00
0.000000000000000000e+00
0.000000000000000000e+00
-7.201870000000000216e-01
-9.010740000000000416e-01
0.000000000000000000e+00
0.000000000000000000e+00
0.000000000000000000e+00
0.000000000000000000e+00
-2.466190000000000049e-01
0.000000000000000000e+00
-3.458410000000000095e-01
-7.071190000000000531e-01
-1.057949999999999946e+00
0.000000000000000000e+00
0.000000000000000000e+00
0.000000000000000000e+00
0.000000000000000000e+00
0.000000000000000000e+00
-6.614929999999999977e-01
0.000000000000000000e+00
0.000000000000000000e+00
-1.330600000000000005e+00
0.000000000000000000e+00
0.000000000000000000e+00
0.000000000000000000e+00
-2.628940000000000166e-01
0.000000000000000000e+00
0.000000000000000000e+00
0.000000000000000000e+00
0.000000000000000000e+00
0.000000000000000000e+00
-5.303080000000000294e-02
0.000000000000000000e+00
-1.986620000000000053e+00
0.000000000000000000e+00
5.556860000000000133e-01
-6.185119999999999507e-01
-1.091049999999999937e-01
-5.961229999999999585e-01
-4.712129999999999930e-01
-1.409850000000000048e+00
6.144180000000000197e-01
0.000000000000000000e+00
-7.640209999999999502e-01
-3.521580000000000266e-01
0.000000000000000000e+00
-1.383979999999999932e-01
0.000000000000000000e+00
0.000000000000000000e+00
0.000000000000000000e+00
0.000000000000000000e+00
0.000000000000000000e+00
0.000000000000000000e+00
0.000000000000000000e+00
0.000000000000000000e+00
0.000000000000000000e+00
0.000000000000000000e+00
0.000000000000000000e+00
0.000000000000000000e+00
0.000000000000000000e+00
0.000000000000000000e+00
0.000000000000000000e+00
0.000000000000000000e+00
0.000000000000000000e+00
0.000000000000000000e+00
0.000000000000000000e+00
-8.522469999999999768e-01
6.180309999999999970e-01
1.537630000000000108e-01
0.000000000000000000e+00
0.000000000000000000e+00
0.000000000000000000e+00
0.000000000000000000e+00
0.000000000000000000e+00
5.013330000000000286e-01
0.000000000000000000e+00
7.727230000000000487e-01
0.000000000000000000e+00
1.210029999999999994e-01
0.000000000000000000e+00
0.000000000000000000e+00
0.000000000000000000e+00
0.000000000000000000e+00
0.000000000000000000e+00
0.000000000000000000e+00
0.000000000000000000e+00
0.000000000000000000e+00
0.000000000000000000e+00
0.000000000000000000e+00
-2.927069999999999950e-01
-1.474320000000000075e-01
0.000000000000000000e+00
0.000000000000000000e+00
2.972549999999999915e-01
-9.577369999999999495e-01
0.000000000000000000e+00
0.000000000000000000e+00
0.000000000000000000e+00
0.000000000000000000e+00
0.000000000000000000e+00
0.000000000000000000e+00
0.000000000000000000e+00
0.000000000000000000e+00
0.000000000000000000e+00
0.000000000000000000e+00
4.041359999999999952e-01
5.178449999999999998e-01
0.000000000000000000e+00
0.000000000000000000e+00
-2.581089999999999773e-01
0.000000000000000000e+00
-3.747349999999999848e-01
0.000000000000000000e+00
0.000000000000000000e+00
1.202450000000000019e+00
0.000000000000000000e+00
-9.917209999999999637e-01
0.000000000000000000e+00
0.000000000000000000e+00
0.000000000000000000e+00
0.000000000000000000e+00
0.000000000000000000e+00
0.000000000000000000e+00
0.000000000000000000e+00
0.000000000000000000e+00
0.000000000000000000e+00
0.000000000000000000e+00
0.000000000000000000e+00
-8.939629999999999521e-01
0.000000000000000000e+00
0.000000000000000000e+00
0.000000000000000000e+00
-3.649340000000000223e-02
0.000000000000000000e+00
0.000000000000000000e+00
0.000000000000000000e+00
0.000000000000000000e+00
-4.638999999999999790e-01
-1.942970000000000114e-02
0.000000000000000000e+00
0.000000000000000000e+00
1.671999999999999875e-01
0.000000000000000000e+00
0.000000000000000000e+00
-1.849939999999999918e+00
0.000000000000000000e+00
0.000000000000000000e+00
0.000000000000000000e+00
0.000000000000000000e+00
0.000000000000000000e+00
0.000000000000000000e+00
0.000000000000000000e+00
0.000000000000000000e+00
0.000000000000000000e+00
-5.063130000000000130e-01
-5.835479999999999556e-01
0.000000000000000000e+00
0.000000000000000000e+00
0.000000000000000000e+00
0.000000000000000000e+00
0.000000000000000000e+00
1.362659999999999982e-01
0.000000000000000000e+00
0.000000000000000000e+00
-7.315000000000000668e-02
0.000000000000000000e+00
0.000000000000000000e+00
-4.696539999999999916e-03
7.513889999999999736e-01
0.000000000000000000e+00
0.000000000000000000e+00
5.810340000000000504e-01
0.000000000000000000e+00
0.000000000000000000e+00
0.000000000000000000e+00
0.000000000000000000e+00
0.000000000000000000e+00
0.000000000000000000e+00
0.000000000000000000e+00
0.000000000000000000e+00
1.749590000000000034e-01
0.000000000000000000e+00
-4.924510000000000276e-01
-5.327619999999999578e-01
0.000000000000000000e+00
0.000000000000000000e+00
0.000000000000000000e+00
0.000000000000000000e+00
0.000000000000000000e+00
0.000000000000000000e+00
-3.482469999999999732e-01
5.469660000000000320e-03
0.000000000000000000e+00
0.000000000000000000e+00
5.670640000000000125e-01
0.000000000000000000e+00
0.000000000000000000e+00
0.000000000000000000e+00
0.000000000000000000e+00
-8.290309999999999624e-01
0.000000000000000000e+00
0.000000000000000000e+00
0.000000000000000000e+00
0.000000000000000000e+00
5.178549999999999820e-02
0.000000000000000000e+00
0.000000000000000000e+00
0.000000000000000000e+00
0.000000000000000000e+00
0.000000000000000000e+00
0.000000000000000000e+00
4.060819999999999985e-01
0.000000000000000000e+00
0.000000000000000000e+00
0.000000000000000000e+00
2.555200000000000249e-01
0.000000000000000000e+00
0.000000000000000000e+00
2.317970000000000030e-01
0.000000000000000000e+00
0.000000000000000000e+00
0.000000000000000000e+00
0.000000000000000000e+00
0.000000000000000000e+00
0.000000000000000000e+00
0.000000000000000000e+00
0.000000000000000000e+00
0.000000000000000000e+00
8.109530000000000349e-01
0.000000000000000000e+00
0.000000000000000000e+00
0.000000000000000000e+00
0.000000000000000000e+00
0.000000000000000000e+00
0.000000000000000000e+00
-1.143520000000000092e+00
0.000000000000000000e+00
0.000000000000000000e+00
0.000000000000000000e+00
0.000000000000000000e+00
0.000000000000000000e+00
0.000000000000000000e+00
0.000000000000000000e+00
0.000000000000000000e+00
0.000000000000000000e+00
0.000000000000000000e+00
0.000000000000000000e+00
0.000000000000000000e+00
0.000000000000000000e+00
0.000000000000000000e+00
0.000000000000000000e+00
0.000000000000000000e+00
0.000000000000000000e+00
0.000000000000000000e+00
-8.858869999999999800e-01
-9.954859999999999820e-01
5.229650000000000271e-02
0.000000000000000000e+00
0.000000000000000000e+00
0.000000000000000000e+00
0.000000000000000000e+00
0.000000000000000000e+00
-1.658819999999999961e+00
0.000000000000000000e+00
0.000000000000000000e+00
0.000000000000000000e+00
0.000000000000000000e+00
0.000000000000000000e+00
0.000000000000000000e+00
0.000000000000000000e+00
0.000000000000000000e+00
0.000000000000000000e+00
0.000000000000000000e+00
5.596790000000000098e-02
0.000000000000000000e+00
0.000000000000000000e+00
-1.301640000000000019e-01
0.000000000000000000e+00
0.000000000000000000e+00
-3.288240000000000052e-01
0.000000000000000000e+00
0.000000000000000000e+00
0.000000000000000000e+00
0.000000000000000000e+00
-8.624760000000000204e-01
1.376910000000000078e-01
0.000000000000000000e+00
0.000000000000000000e+00
0.000000000000000000e+00
0.000000000000000000e+00
-4.779379999999999740e-02
0.000000000000000000e+00
0.000000000000000000e+00
0.000000000000000000e+00
0.000000000000000000e+00
0.000000000000000000e+00
0.000000000000000000e+00
0.000000000000000000e+00
0.000000000000000000e+00
0.000000000000000000e+00
0.000000000000000000e+00
0.000000000000000000e+00
0.000000000000000000e+00
0.000000000000000000e+00
0.000000000000000000e+00
0.000000000000000000e+00
0.000000000000000000e+00
0.000000000000000000e+00
0.000000000000000000e+00
0.000000000000000000e+00
6.184619999999999562e-01
0.000000000000000000e+00
2.533219999999999916e-01
0.000000000000000000e+00
0.000000000000000000e+00
-6.435790000000000122e-01
0.000000000000000000e+00
-8.964619999999999811e-01
0.000000000000000000e+00
0.000000000000000000e+00
0.000000000000000000e+00
0.000000000000000000e+00
0.000000000000000000e+00
0.000000000000000000e+00
0.000000000000000000e+00
0.000000000000000000e+00
0.000000000000000000e+00
0.000000000000000000e+00
0.000000000000000000e+00
0.000000000000000000e+00
0.000000000000000000e+00
0.000000000000000000e+00
0.000000000000000000e+00
0.000000000000000000e+00
0.000000000000000000e+00
3.966609999999999858e-01
0.000000000000000000e+00
0.000000000000000000e+00
0.000000000000000000e+00
0.000000000000000000e+00
0.000000000000000000e+00
0.000000000000000000e+00
0.000000000000000000e+00
0.000000000000000000e+00
0.000000000000000000e+00
0.000000000000000000e+00
0.000000000000000000e+00
0.000000000000000000e+00
0.000000000000000000e+00
0.000000000000000000e+00
0.000000000000000000e+00
0.000000000000000000e+00
0.000000000000000000e+00
0.000000000000000000e+00
0.000000000000000000e+00
0.000000000000000000e+00
0.000000000000000000e+00
0.000000000000000000e+00
0.000000000000000000e+00
6.064309999999999840e-02
5.151860000000000328e-01
0.000000000000000000e+00
0.000000000000000000e+00
0.000000000000000000e+00
0.000000000000000000e+00
0.000000000000000000e+00
0.000000000000000000e+00
0.000000000000000000e+00
0.000000000000000000e+00
0.000000000000000000e+00
0.000000000000000000e+00
0.000000000000000000e+00
0.000000000000000000e+00
0.000000000000000000e+00
0.000000000000000000e+00
0.000000000000000000e+00
0.000000000000000000e+00
0.000000000000000000e+00
0.000000000000000000e+00
0.000000000000000000e+00
0.000000000000000000e+00
0.000000000000000000e+00
0.000000000000000000e+00
0.000000000000000000e+00
3.572659999999999725e-01
0.000000000000000000e+00
0.000000000000000000e+00
0.000000000000000000e+00
0.000000000000000000e+00
0.000000000000000000e+00
0.000000000000000000e+00
2.578120000000000064e-02
0.000000000000000000e+00
0.000000000000000000e+00
0.000000000000000000e+00
0.000000000000000000e+00
3.062440000000000162e-01
0.000000000000000000e+00
0.000000000000000000e+00
0.000000000000000000e+00
0.000000000000000000e+00
0.000000000000000000e+00
0.000000000000000000e+00
0.000000000000000000e+00
0.000000000000000000e+00
0.000000000000000000e+00
0.000000000000000000e+00
2.193769999999999835e-03
0.000000000000000000e+00
0.000000000000000000e+00
0.000000000000000000e+00
0.000000000000000000e+00
0.000000000000000000e+00
-3.992199999999999915e-02
0.000000000000000000e+00
0.000000000000000000e+00
0.000000000000000000e+00
0.000000000000000000e+00
0.000000000000000000e+00
0.000000000000000000e+00
0.000000000000000000e+00
0.000000000000000000e+00
4.348740000000000244e-02
0.000000000000000000e+00
-8.491349999999999731e-01
0.000000000000000000e+00
2.923009999999999775e-01
0.000000000000000000e+00
0.000000000000000000e+00
0.000000000000000000e+00
0.000000000000000000e+00
0.000000000000000000e+00
0.000000000000000000e+00
0.000000000000000000e+00
0.000000000000000000e+00
