1.779809999999999892e+00
0.000000000000000000e+00
7.790190000000000170e-01
0.000000000000000000e+00
2.056330000000000102e-01
-7.551590000000000247e-01
1.196830000000000060e+00
6.043479999999999963e-01
5.678870000000000307e-01
5.045789999999999997e-01
4.321260000000000101e-01
3.390610000000000013e-01
0.000000000000000000e+00
0.000000000000000000e+00
0.000000000000000000e+00
0.000000000000000000e+00
0.000000000000000000e+00
0.000000000000000000e+00
5.135030000000000427e-01
0.000000000000000000e+00
0.000000000000000000e+00
0.000000000000000000e+00
0.000000000000000000e+00
0.000000000000000000e+00
0.000000000000000000e+00
0.000000000000000000e+00
0.000000000000000000e+00
3.000269999999999881e-01
6.578479999999999883e-01
1.807360000000000078e-01
0.000000000000000000e+00
8.694269999999999499e-01
8.295390000000000263e-01
4.286170000000000258e-01
7.927440000000000042e-01
0.000000000000000000e+00
0.000000000000000000e+00
0.000000000000000000e+00
1.518839999999999968e+00
0.000000000000000000e+00
0.000000000000000000e+00
6.862030000000000074e-01
3.549050000000000260e-01
0.000000000000000000e+00
0.000000000000000000e+00
0.000000000000000000e+00
0.000000000000000000e+00
2.519259999999999833e-01
1.050980000000000025e+00
3.415170000000000150e-01
9.875909999999999966e-01
3.610909999999999953e-01
3.518149999999999888e-01
2.403470000000000051e-01
7.602100000000000524e-01
4.937960000000000127e-01
1.393800000000000039e-01
2.697979999999999823e-01
0.000000000000000000e+00
7.986379999999999868e-02
0.000000000000000000e+00
0.000000000000000000e+00
1.398230000000000084e+00
9.906739999999999990e-02
0.000000000000000000e+00
0.000000000000000000e+00
2.421379999999999921e-01
0.000000000000000000e+00
1.285279999999999978e+00
8.033619999999999650e-02
9.134919999999999707e-01
0.000000000000000000e+00
0.000000000000000000e+00
8.445430000000000437e-01
7.183019999999999683e-02
0.000000000000000000e+00
2.368110000000000159e+00
5.137159999999999505e-01
0.000000000000000000e+00
0.000000000000000000e+00
0.000000000000000000e+00
3.671010000000000106e-01
0.000000000000000000e+00
0.000000000000000000e+00
6.371499999999999386e-02
0.000000000000000000e+00
3.325609999999999955e-01
0.000000000000000000e+00
3.702719999999999900e-01
0.000000000000000000e+00
0.000000000000000000e+00
4.093689999999999829e-01
0.000000000000000000e+00
0.000000000000000000e+00
0.000000000000000000e+00
4.298319999999999919e-02
2.033820000000000072e-01
0.000000000000000000e+00
0.000000000000000000e+00
3.164320000000000327e-02
-4.767489999999999922e-02
0.000000000000000000e+00
0.000000000000000000e+00
0.000000000000000000e+00
0.000000000000000000e+00
5.701009999999999689e-01
0.000000000000000000e+00
6.357760000000000078e-01
0.000000000000000000e+00
1.501800000000000024e+00
0.000000000000000000e+00
2.174200000000000021e-01
0.000000000000000000e+00
0.000000000000000000e+00
0.000000000000000000e+00
0.000000000000000000e+00
0.000000000000000000e+00
0.000000000000000000e+00
0.000000000000000000e+00
0.000000000000000000e+00
0.000000000000000000e+00
0.000000000000000000e+00
2.860849999999999782e-01
2.440410000000000149e-02
0.000000000000000000e+00
0.000000000000000000e+00
0.000000000000000000e+00
9.919059999999999544e-01
0.000000000000000000e+00
0.000000000000000000e+00
0.000000000000000000e+00
0.000000000000000000e+00
0.000000000000000000e+00
4.812020000000000186e-01
2.204089999999999938e-01
0.000000000000000000e+00
0.000000000000000000e+00
0.000000000000000000e+00
0.000000000000000000e+00
0.000000000000000000e+00
1.752199999999999869e-01
0.000000000000000000e+00
0.000000000000000000e+00
0.000000000000000000e+00
0.000000000000000000e+00
0.000000000000000000e+00
0.000000000000000000e+00
0.000000000000000000e+00
0.000000000000000000e+00
0.000000000000000000e+00
1.156299999999999967e-01
0.000000000000000000e+00
-2.574659999999999727e-01
1.283250000000000016e-02
0.000000000000000000e+00
9.114029999999999632e-01
0.000000000000000000e+00
0.000000000000000000e+00
0.000000000000000000e+00
1.636430000000000107e-01
-1.339299999999999935e-01
1.082659999999999956e+00
2.945920000000000205e-01
2.790560000000000263e-01
8.719609999999999861e-01
0.000000000000000000e+00
5.161670000000000424e-01
0.000000000000000000e+00
0.000000000000000000e+00
9.294459999999999944e-01
0.000000000000000000e+00
7.539200000000000242e-03
0.000000000000000000e+00
3.832430000000000003e-01
0.000000000000000000e+00
0.000000000000000000e+00
0.000000000000000000e+00
3.752579999999999805e-01
0.000000000000000000e+00
0.000000000000000000e+00
0.000000000000000000e+00
0.000000000000000000e+00
0.000000000000000000e+00
5.349840000000000151e-01
0.000000000000000000e+00
0.000000000000000000e+00
0.000000000000000000e+00
0.000000000000000000e+00
0.000000000000000000e+00
0.000000000000000000e+00
-7.859840000000000160e-01
0.000000000000000000e+00
9.875909999999999966e-01
3.945910000000000251e-01
0.000000000000000000e+00
0.000000000000000000e+00
0.000000000000000000e+00
0.000000000000000000e+00
0.000000000000000000e+00
0.000000000000000000e+00
0.000000000000000000e+00
0.000000000000000000e+00
-8.380069999999999464e-01
0.000000000000000000e+00
0.000000000000000000e+00
0.000000000000000000e+00
0.000000000000000000e+00
2.460090000000000054e-01
0.000000000000000000e+00
0.000000000000000000e+00
0.000000000000000000e+00
0.000000000000000000e+00
0.000000000000000000e+00
0.000000000000000000e+00
0.000000000000000000e+00
0.000000000000000000e+00
0.000000000000000000e+00
5.493019999999999570e-01
0.000000000000000000e+00
0.000000000000000000e+00
-7.179060000000000441e-01
0.000000000000000000e+00
-8.012139999999999818e-01
0.000000000000000000e+00
0.000000000000000000e+00
0.000000000000000000e+00
0.000000000000000000e+00
0.000000000000000000e+00
0.000000000000000000e+00
0.000000000000000000e+00
2.101230000000000042e-01
0.000000000000000000e+00
0.000000000000000000e+00
0.000000000000000000e+00
0.000000000000000000e+00
0.000000000000000000e+00
0.000000000000000000e+00
0.000000000000000000e+00
0.000000000000000000e+00
5.338810000000000500e-01
0.000000000000000000e+00
0.000000000000000000e+00
0.000000000000000000e+00
0.000000000000000000e+00
0.000000000000000000e+00
0.000000000000000000e+00
0.000000000000000000e+00
0.000000000000000000e+00
0.000000000000000000e+00
0.000000000000000000e+00
0.000000000000000000e+00
0.000000000000000000e+00
0.000000000000000000e+00
0.000000000000000000e+00
0.000000000000000000e+00
-6.824210000000000553e-01
-3.426049999999999929e-01
0.000000000000000000e+00
0.000000000000000000e+00
-1.648989999999999956e+00
0.000000000000000000e+00
0.000000000000000000e+00
0.000000000000000000e+00
0.000000000000000000e+00
0.000000000000000000e+00
0.000000000000000000e+00
1.679670000000000052e-01
-1.745580000000000048e-02
6.774740000000000206e-01
8.036649999999999627e-01
-2.547209999999999752e-01
0.000000000000000000e+00
0.000000000000000000e+00
0.000000000000000000e+00
0.000000000000000000e+00
0.000000000000000000e+00
1.010420000000000096e+00
0.000000000000000000e+00
0.000000000000000000e+00
-6.005230000000000290e-01
-1.012410000000000032e+00
0.000000000000000000e+00
8.595399999999999568e-03
0.000000000000000000e+00
0.000000000000000000e+00
0.000000000000000000e+00
0.000000000000000000e+00
0.000000000000000000e+00
0.000000000000000000e+00
-7.950629999999999642e-01
0.000000000000000000e+00
0.000000000000000000e+00
0.000000000000000000e+00
4.406860000000000221e-01
0.000000000000000000e+00
0.000000000000000000e+00
0.000000000000000000e+00
0.000000000000000000e+00
0.000000000000000000e+00
0.000000000000000000e+00
-6.102199999999999847e-01
0.000000000000000000e+00
0.000000000000000000e+00
0.000000000000000000e+00
0.000000000000000000e+00
0.000000000000000000e+00
0.000000000000000000e+00
0.000000000000000000e+00
6.704379999999999784e-01
0.000000000000000000e+00
-2.056959999999999900e-01
1.107930000000000081e+00
0.000000000000000000e+00
0.000000000000000000e+00
1.007130000000000081e+00
0.000000000000000000e+00
0.000000000000000000e+00
0.000000000000000000e+00
0.000000000000000000e+00
-1.504310000000000036e+00
7.994500000000000217e-02
0.000000000000000000e+00
0.000000000000000000e+00
0.000000000000000000e+00
0.000000000000000000e+00
0.000000000000000000e+00
0.000000000000000000e+00
0.000000000000000000e+00
0.000000000000000000e+00
0.000000000000000000e+00
0.000000000000000000e+00
0.000000000000000000e+00
0.000000000000000000e+00
0.000000000000000000e+00
0.000000000000000000e+00
0.000000000000000000e+00
0.000000000000000000e+00
-2.800659999999999816e-01
0.000000000000000000e+00
0.000000000000000000e+00
4.173270000000000035e-01
0.000000000000000000e+00
0.000000000000000000e+00
0.000000000000000000e+00
2.237089999999999912e-01
0.000000000000000000e+00
0.000000000000000000e+00
0.000000000000000000e+00
5.878769999999999829e-01
0.000000000000000000e+00
0.000000000000000000e+00
0.000000000000000000e+00
0.000000000000000000e+00
0.000000000000000000e+00
0.000000000000000000e+00
0.000000000000000000e+00
6.487279999999999713e-01
0.000000000000000000e+00
-5.635620000000000074e-01
0.000000000000000000e+00
0.000000000000000000e+00
0.000000000000000000e+00
0.000000000000000000e+00
0.000000000000000000e+00
0.000000000000000000e+00
0.000000000000000000e+00
0.000000000000000000e+00
0.000000000000000000e+00
0.000000000000000000e+00
0.000000000000000000e+00
0.000000000000000000e+00
0.000000000000000000e+00
0.000000000000000000e+00
0.000000000000000000e+00
0.000000000000000000e+00
0.000000000000000000e+00
0.000000000000000000e+00
0.000000000000000000e+00
0.000000000000000000e+00
0.000000000000000000e+00
0.000000000000000000e+00
0.000000000000000000e+00
0.000000000000000000e+00
0.000000000000000000e+00
0.000000000000000000e+00
0.000000000000000000e+00
0.000000000000000000e+00
0.000000000000000000e+00
0.000000000000000000e+00
0.000000000000000000e+00
0.000000000000000000e+00
0.000000000000000000e+00
0.000000000000000000e+00
0.000000000000000000e+00
-3.013210000000000055e-01
0.000000000000000000e+00
0.000000000000000000e+00
0.000000000000000000e+00
0.000000000000000000e+00
0.000000000000000000e+00
0.000000000000000000e+00
0.000000000000000000e+00
0.000000000000000000e+00
0.000000000000000000e+00
0.000000000000000000e+00
0.000000000000000000e+00
0.000000000000000000e+00
0.000000000000000000e+00
0.000000000000000000e+00
0.000000000000000000e+00
-1.711489999999999956e-01
0.000000000000000000e+00
0.000000000000000000e+00
0.000000000000000000e+00
4.317340000000000066e-01
7.800890000000000601e-02
0.000000000000000000e+00
0.000000000000000000e+00
0.000000000000000000e+00
0.000000000000000000e+00
-8.034179999999999655e-01
0.000000000000000000e+00
0.000000000000000000e+00
0.000000000000000000e+00
0.000000000000000000e+00
0.000000000000000000e+00
0.000000000000000000e+00
0.000000000000000000e+00
0.000000000000000000e+00
0.000000000000000000e+00
0.000000000000000000e+00
0.000000000000000000e+00
0.000000000000000000e+00
0.000000000000000000e+00
0.000000000000000000e+00
-1.319390000000000007e-01
0.000000000000000000e+00
0.000000000000000000e+00
0.000000000000000000e+00
0.000000000000000000e+00
-1.012410000000000032e+00
-8.127259999999999485e-01
0.000000000000000000e+00
0.000000000000000000e+00
0.000000000000000000e+00
0.000000000000000000e+00
0.000000000000000000e+00
0.000000000000000000e+00
0.000000000000000000e+00
0.000000000000000000e+00
0.000000000000000000e+00
0.000000000000000000e+00
0.000000000000000000e+00
0.000000000000000000e+00
0.000000000000000000e+00
0.000000000000000000e+00
0.000000000000000000e+00
0.000000000000000000e+00
0.000000000000000000e+00
0.000000000000000000e+00
0.000000000000000000e+00
0.000000000000000000e+00
0.000000000000000000e+00
0.000000000000000000e+00
0.000000000000000000e+00
0.000000000000000000e+00
0.000000000000000000e+00
6.242010000000000058e-01
1.946469999999999867e-01
0.000000000000000000e+00
0.000000000000000000e+00
0.000000000000000000e+00
0.000000000000000000e+00
0.000000000000000000e+00
0.000000000000000000e+00
0.000000000000000000e+00
6.582029999999999825e-01
0.000000000000000000e+00
0.000000000000000000e+00
0.000000000000000000e+00
0.000000000000000000e+00
0.000000000000000000e+00
0.000000000000000000e+00
0.000000000000000000e+00
0.000000000000000000e+00
0.000000000000000000e+00
0.000000000000000000e+00
0.000000000000000000e+00
-2.710359999999999991e-01
0.000000000000000000e+00
0.000000000000000000e+00
0.000000000000000000e+00
0.000000000000000000e+00
-1.257529999999999933e-02
0.000000000000000000e+00
0.000000000000000000e+00
0.000000000000000000e+00
0.000000000000000000e+00
0.000000000000000000e+00
0.000000000000000000e+00
9.290059999999999985e-01
1.156299999999999967e-01
0.000000000000000000e+00
0.000000000000000000e+00
0.000000000000000000e+00
0.000000000000000000e+00
-5.968040000000000012e-01
0.000000000000000000e+00
0.000000000000000000e+00
0.000000000000000000e+00
0.000000000000000000e+00
0.000000000000000000e+00
0.000000000000000000e+00
0.000000000000000000e+00
0.000000000000000000e+00
0.000000000000000000e+00
0.000000000000000000e+00
0.000000000000000000e+00
0.000000000000000000e+00
0.000000000000000000e+00
0.000000000000000000e+00
0.000000000000000000e+00
0.000000000000000000e+00
0.000000000000000000e+00
0.000000000000000000e+00
3.013879999999999892e-01
0.000000000000000000e+00
3.511750000000000288e-02
0.000000000000000000e+00
3.292019999999999946e-01
3.021770000000000012e-02
0.000000000000000000e+00
0.000000000000000000e+00
0.000000000000000000e+00
-5.257110000000000394e-01
0.000000000000000000e+00
0.000000000000000000e+00
0.000000000000000000e+00
4.910660000000000025e-02
0.000000000000000000e+00
0.000000000000000000e+00
0.000000000000000000e+00
0.000000000000000000e+00
0.000000000000000000e+00
0.000000000000000000e+00
-2.692350000000000021e-01
0.000000000000000000e+00
0.000000000000000000e+00
0.000000000000000000e+00
0.000000000000000000e+00
0.000000000000000000e+00
0.000000000000000000e+00
0.000000000000000000e+00
0.000000000000000000e+00
0.000000000000000000e+00
0.000000000000000000e+00
0.000000000000000000e+00
0.000000000000000000e+00
-2.379269999999999996e-01
0.000000000000000000e+00
0.000000000000000000e+00
2.057420000000000027e+00
0.000000000000000000e+00
0.000000000000000000e+00
-5.591249999999999866e-03
0.000000000000000000e+00
0.000000000000000000e+00
0.000000000000000000e+00
3.574109999999999787e-01
0.000000000000000000e+00
0.000000000000000000e+00
0.000000000000000000e+00
0.000000000000000000e+00
0.000000000000000000e+00
9.586529999999999774e-01
-2.906449999999999867e-01
0.000000000000000000e+00
0.000000000000000000e+00
0.000000000000000000e+00
0.000000000000000000e+00
0.000000000000000000e+00
0.000000000000000000e+00
0.000000000000000000e+00
0.000000000000000000e+00
-5.581399999999999695e-01
0.000000000000000000e+00
0.000000000000000000e+00
0.000000000000000000e+00
0.000000000000000000e+00
0.000000000000000000e+00
0.000000000000000000e+00
0.000000000000000000e+00
0.000000000000000000e+00
0.000000000000000000e+00
-4.447249999999999814e-01
-1.096009999999999929e+00
-1.804949999999999888e-01
0.000000000000000000e+00
-7.778909999999999991e-01
-1.525829999999999964e-01
0.000000000000000000e+00
-1.731749999999999956e-01
-7.208879999999999455e-02
0.000000000000000000e+00
-7.637260000000000160e-01
0.000000000000000000e+00
-5.225919999999999455e-01
-1.733780000000000043e-01
0.000000000000000000e+00
-8.635510000000000408e-02
0.000000000000000000e+00
0.000000000000000000e+00
0.000000000000000000e+00
0.000000000000000000e+00
0.000000000000000000e+00
0.000000000000000000e+00
-1.177659999999999957e-01
-1.357609999999999928e-01
-1.749860000000000027e-01
-3.643290000000000139e-01
0.000000000000000000e+00
0.000000000000000000e+00
0.000000000000000000e+00
-9.260540000000000438e-01
0.000000000000000000e+00
-1.773579999999999879e-01
1.027939999999999965e-01
0.000000000000000000e+00
0.000000000000000000e+00
0.000000000000000000e+00
0.000000000000000000e+00
0.000000000000000000e+00
-2.963020000000000098e-01
0.000000000000000000e+00
0.000000000000000000e+00
4.890030000000000210e-01
-1.056630000000000069e-01
0.000000000000000000e+00
-4.160449999999999982e-01
2.959660000000000069e-01
-7.524950000000000250e-01
-8.417970000000000175e-01
-4.748560000000000281e-02
0.000000000000000000e+00
-1.162330000000000085e+00
-1.269089999999999940e-01
0.000000000000000000e+00
1.093890000000000001e-01
0.000000000000000000e+00
0.000000000000000000e+00
0.000000000000000000e+00
-4.526080000000000103e-01
0.000000000000000000e+00
0.000000000000000000e+00
0.000000000000000000e+00
0.000000000000000000e+00
0.000000000000000000e+00
0.000000000000000000e+00
0.000000000000000000e+00
-3.460670000000000135e-01
0.000000000000000000e+00
0.000000000000000000e+00
0.000000000000000000e+00
0.000000000000000000e+00
0.000000000000000000e+00
0.000000000000000000e+00
-3.445559999999999734e-01
0.000000000000000000e+00
0.000000000000000000e+00
0.000000000000000000e+00
-1.562929999999999875e-01
-1.604089999999999960e-01
0.000000000000000000e+00
-4.894740000000000202e-01
-2.301519999999999955e-01
-6.625940000000000163e-01
0.000000000000000000e+00
0.000000000000000000e+00
0.000000000000000000e+00
0.000000000000000000e+00
0.000000000000000000e+00
-6.853479999999999572e-01
0.000000000000000000e+00
0.000000000000000000e+00
0.000000000000000000e+00
0.000000000000000000e+00
-3.456330000000000235e-01
-6.090820000000000123e-01
0.000000000000000000e+00
0.000000000000000000e+00
-3.866260000000000252e-01
0.000000000000000000e+00
0.000000000000000000e+00
-8.290459999999999496e-01
0.000000000000000000e+00
-7.643369999999999331e-02
-8.419180000000000552e-01
0.000000000000000000e+00
0.000000000000000000e+00
0.000000000000000000e+00
0.000000000000000000e+00
-1.575920000000000099e-01
-1.245010000000000006e-01
-6.169050000000000367e-01
0.000000000000000000e+00
0.000000000000000000e+00
0.000000000000000000e+00
-4.969879999999999853e-01
0.000000000000000000e+00
0.000000000000000000e+00
0.000000000000000000e+00
0.000000000000000000e+00
-1.410919999999999952e+00
0.000000000000000000e+00
0.000000000000000000e+00
-8.967699999999999561e-01
0.000000000000000000e+00
0.000000000000000000e+00
0.000000000000000000e+00
0.000000000000000000e+00
0.000000000000000000e+00
-2.330389999999999961e-01
0.000000000000000000e+00
-3.205350000000000144e-01
5.635620000000000074e-01
-4.251260000000000039e-01
0.000000000000000000e+00
0.000000000000000000e+00
-1.013020000000000032e+00
-2.735159999999999814e-01
2.379269999999999996e-01
0.000000000000000000e+00
0.000000000000000000e+00
0.000000000000000000e+00
0.000000000000000000e+00
0.000000000000000000e+00
-9.150579999999999825e-02
1.220169999999999977e+00
0.000000000000000000e+00
0.000000000000000000e+00
0.000000000000000000e+00
0.000000000000000000e+00
0.000000000000000000e+00
-1.808029999999999915e-01
-9.613309999999999911e-02
-2.595679999999999862e-02
0.000000000000000000e+00
0.000000000000000000e+00
1.026010000000000089e+00
-4.156050000000000022e-01
-2.072350000000000025e-01
-4.783120000000000149e-01
0.000000000000000000e+00
0.000000000000000000e+00
0.000000000000000000e+00
0.000000000000000000e+00
0.000000000000000000e+00
0.000000000000000000e+00
0.000000000000000000e+00
-3.984929999999999861e-01
0.000000000000000000e+00
0.000000000000000000e+00
0.000000000000000000e+00
0.000000000000000000e+00
0.000000000000000000e+00
0.000000000000000000e+00
0.000000000000000000e+00
0.000000000000000000e+00
-1.012410000000000032e+00
0.000000000000000000e+00
0.000000000000000000e+00
0.000000000000000000e+00
8.496750000000000136e-02
0.000000000000000000e+00
0.000000000000000000e+00
0.000000000000000000e+00
0.000000000000000000e+00
0.000000000000000000e+00
0.000000000000000000e+00
0.000000000000000000e+00
0.000000000000000000e+00
0.000000000000000000e+00
-3.443069999999999742e-01
-1.004729999999999901e+00
-2.173460000000000114e-01
0.000000000000000000e+00
0.000000000000000000e+00
-8.004210000000000491e-02
0.000000000000000000e+00
3.680470000000000130e-01
0.000000000000000000e+00
1.296880000000000033e+00
2.660139999999999727e-01
0.000000000000000000e+00
0.000000000000000000e+00
-8.630210000000000381e-01
0.000000000000000000e+00
0.000000000000000000e+00
0.000000000000000000e+00
-2.476079999999999948e-01
0.000000000000000000e+00
0.000000000000000000e+00
0.000000000000000000e+00
-3.823540000000000272e-01
0.000000000000000000e+00
0.000000000000000000e+00
0.000000000000000000e+00
-3.370670000000000055e-01
0.000000000000000000e+00
-5.330160000000000453e-01
0.000000000000000000e+00
0.000000000000000000e+00
0.000000000000000000e+00
0.000000000000000000e+00
0.000000000000000000e+00
0.000000000000000000e+00
0.000000000000000000e+00
0.000000000000000000e+00
-4.521180000000000199e-01
0.000000000000000000e+00
0.000000000000000000e+00
0.000000000000000000e+00
0.000000000000000000e+00
-7.705590000000000009e-03
0.000000000000000000e+00
0.000000000000000000e+00
0.000000000000000000e+00
-8.804699999999999749e-01
0.000000000000000000e+00
0.000000000000000000e+00
0.000000000000000000e+00
0.000000000000000000e+00
0.000000000000000000e+00
0.000000000000000000e+00
0.000000000000000000e+00
0.000000000000000000e+00
0.000000000000000000e+00
0.000000000000000000e+00
0.000000000000000000e+00
0.000000000000000000e+00
0.000000000000000000e+00
0.000000000000000000e+00
0.000000000000000000e+00
0.000000000000000000e+00
0.000000000000000000e+00
-3.825080000000000147e-01
-3.216439999999999855e-01
0.000000000000000000e+00
0.000000000000000000e+00
-1.132849999999999913e+00
-2.750029999999999974e-01
0.000000000000000000e+00
0.000000000000000000e+00
0.000000000000000000e+00
0.000000000000000000e+00
0.000000000000000000e+00
-2.262560000000000127e-01
0.000000000000000000e+00
0.000000000000000000e+00
0.000000000000000000e+00
0.000000000000000000e+00
0.000000000000000000e+00
0.000000000000000000e+00
0.000000000000000000e+00
0.000000000000000000e+00
0.000000000000000000e+00
0.000000000000000000e+00
0.000000000000000000e+00
-2.844280000000000141e-01
0.000000000000000000e+00
0.000000000000000000e+00
0.000000000000000000e+00
-1.127229999999999954e+00
0.000000000000000000e+00
0.000000000000000000e+00
0.000000000000000000e+00
-1.305759999999999976e-01
0.000000000000000000e+00
-2.264249999999999874e-01
0.000000000000000000e+00
0.000000000000000000e+00
0.000000000000000000e+00
0.000000000000000000e+00
0.000000000000000000e+00
0.000000000000000000e+00
0.000000000000000000e+00
0.000000000000000000e+00
0.000000000000000000e+00
0.000000000000000000e+00
0.000000000000000000e+00
-7.555570000000000341e-02
0.000000000000000000e+00
-4.447870000000000296e-02
-1.883360000000000034e-01
0.000000000000000000e+00
0.000000000000000000e+00
0.000000000000000000e+00
0.000000000000000000e+00
0.000000000000000000e+00
0.000000000000000000e+00
0.000000000000000000e+00
0.000000000000000000e+00
0.000000000000000000e+00
0.000000000000000000e+00
0.000000000000000000e+00
0.000000000000000000e+00
0.000000000000000000e+00
0.000000000000000000e+00
0.000000000000000000e+00
1.702919999999999989e-01
-8.186980000000000646e-02
0.000000000000000000e+00
-3.552009999999999890e-01
0.000000000000000000e+00
0.000000000000000000e+00
0.000000000000000000e+00
0.000000000000000000e+00
0.000000000000000000e+00
0.000000000000000000e+00
0.000000000000000000e+00
0.000000000000000000e+00
0.000000000000000000e+00
0.000000000000000000e+00
0.000000000000000000e+00
0.000000000000000000e+00
0.000000000000000000e+00
0.000000000000000000e+00
0.000000000000000000e+00
0.000000000000000000e+00
0.000000000000000000e+00
0.000000000000000000e+00
0.000000000000000000e+00
0.000000000000000000e+00
0.000000000000000000e+00
0.000000000000000000e+00
0.000000000000000000e+00
0.000000000000000000e+00
0.000000000000000000e+00
0.000000000000000000e+00
0.000000000000000000e+00
9.193919999999999870e-02
0.000000000000000000e+00
0.000000000000000000e+00
0.000000000000000000e+00
0.000000000000000000e+00
0.000000000000000000e+00
0.000000000000000000e+00
0.000000000000000000e+00
-3.545150000000000245e-01
0.000000000000000000e+00
-5.346990000000000354e-01
0.000000000000000000e+00
0.000000000000000000e+00
0.000000000000000000e+00
0.000000000000000000e+00
0.000000000000000000e+00
0.000000000000000000e+00
0.000000000000000000e+00
0.000000000000000000e+00
-2.447950000000000126e-01
0.000000000000000000e+00
0.000000000000000000e+00
0.000000000000000000e+00
0.000000000000000000e+00
0.000000000000000000e+00
0.000000000000000000e+00
0.000000000000000000e+00
0.000000000000000000e+00
