2.435599999999999987e+00
0.000000000000000000e+00
1.071350000000000025e+00
0.000000000000000000e+00
4.337019999999999764e-01
0.000000000000000000e+00
1.380139999999999922e+00
-2.929039999999999977e-01
-8.121330000000000215e-02
6.392339999999999689e-01
9.227870000000000239e-01
1.565590000000000037e+00
0.000000000000000000e+00
0.000000000000000000e+00
1.042119999999999935e+00
0.000000000000000000e+00
1.118689999999999962e+00
0.000000000000000000e+00
0.000000000000000000e+00
0.000000000000000000e+00
0.000000000000000000e+00
3.804040000000000199e-01
-2.929039999999999977e-01
-6.952279999999999571e-02
0.000000000000000000e+00
-7.872099999999999931e-03
-2.433420000000000027e-01
4.538599999999999857e-01
2.063989999999999991e+00
3.128790000000000182e-01
0.000000000000000000e+00
1.262629999999999864e-01
1.506399999999999961e+00
1.224709999999999965e+00
4.124700000000000033e-01
6.506420000000000536e-01
4.891719999999999957e-01
1.514389999999999903e+00
3.291000000000000175e-02
0.000000000000000000e+00
0.000000000000000000e+00
1.097190000000000110e+00
7.746469999999999745e-01
0.000000000000000000e+00
1.459009999999999918e+00
0.000000000000000000e+00
0.000000000000000000e+00
3.908010000000000095e-01
2.202059999999999906e+00
2.393139999999999989e-01
1.707100000000000062e+00
3.672250000000000236e-01
1.011129999999999945e-01
0.000000000000000000e+00
1.456579999999999986e+00
8.535479999999999734e-01
0.000000000000000000e+00
0.000000000000000000e+00
0.000000000000000000e+00
1.090109999999999968e-01
0.000000000000000000e+00
0.000000000000000000e+00
7.837840000000000362e-01
0.000000000000000000e+00
1.035789999999999988e+00
0.000000000000000000e+00
4.522400000000000031e-02
-1.011630000000000029e-01
1.517959999999999976e+00
3.078570000000000029e+00
1.104149999999999965e+00
0.000000000000000000e+00
0.000000000000000000e+00
-1.841309999999999891e-01
8.429290000000000393e-01
0.000000000000000000e+00
3.247959999999999958e+00
1.787460000000000049e+00
0.000000000000000000e+00
-3.742449999999999943e-01
-2.574739999999999807e-01
1.602889999999999870e-01
6.873029999999999418e-02
0.000000000000000000e+00
0.000000000000000000e+00
0.000000000000000000e+00
0.000000000000000000e+00
0.000000000000000000e+00
0.000000000000000000e+00
0.000000000000000000e+00
0.000000000000000000e+00
0.000000000000000000e+00
0.000000000000000000e+00
0.000000000000000000e+00
0.000000000000000000e+00
0.000000000000000000e+00
1.284659999999999913e+00
1.095690000000000053e+00
5.870559999999999667e-02
0.000000000000000000e+00
4.596500000000000030e-01
2.660589999999999899e-01
0.000000000000000000e+00
0.000000000000000000e+00
0.000000000000000000e+00
-2.505999999999999894e-01
0.000000000000000000e+00
1.148120000000000029e+00
0.000000000000000000e+00
0.000000000000000000e+00
0.000000000000000000e+00
3.386700000000000266e-01
0.000000000000000000e+00
0.000000000000000000e+00
-3.870140000000000247e-01
0.000000000000000000e+00
0.000000000000000000e+00
4.883959999999999968e-01
0.000000000000000000e+00
0.000000000000000000e+00
0.000000000000000000e+00
-2.508460000000000134e-01
-6.868260000000000476e-01
7.470290000000000541e-01
0.000000000000000000e+00
-4.061569999999999903e-01
0.000000000000000000e+00
1.151569999999999983e+00
3.919190000000000174e-02
6.106789999999999718e-01
0.000000000000000000e+00
0.000000000000000000e+00
0.000000000000000000e+00
1.197899999999999965e+00
0.000000000000000000e+00
-5.174600000000000311e-01
0.000000000000000000e+00
0.000000000000000000e+00
0.000000000000000000e+00
0.000000000000000000e+00
9.040189999999999337e-02
-3.743819999999999926e-01
0.000000000000000000e+00
0.000000000000000000e+00
0.000000000000000000e+00
0.000000000000000000e+00
0.000000000000000000e+00
6.619960000000000289e-01
0.000000000000000000e+00
0.000000000000000000e+00
0.000000000000000000e+00
0.000000000000000000e+00
0.000000000000000000e+00
-2.820340000000000000e-02
-5.919220000000000211e-03
0.000000000000000000e+00
0.000000000000000000e+00
0.000000000000000000e+00
1.604139999999999899e+00
0.000000000000000000e+00
-4.230389999999999845e-02
1.244089999999999918e+00
0.000000000000000000e+00
1.138929999999999998e+00
1.707100000000000062e+00
0.000000000000000000e+00
0.000000000000000000e+00
0.000000000000000000e+00
0.000000000000000000e+00
0.000000000000000000e+00
0.000000000000000000e+00
3.365079999999999738e-01
2.982779999999999876e-01
0.000000000000000000e+00
0.000000000000000000e+00
0.000000000000000000e+00
2.210729999999999862e+00
1.707100000000000062e+00
0.000000000000000000e+00
6.637760000000000327e-01
7.508569999999999967e-01
8.297709999999999808e-02
4.199229999999999907e-01
8.322479999999999878e-01
0.000000000000000000e+00
1.231889999999999930e+00
0.000000000000000000e+00
0.000000000000000000e+00
0.000000000000000000e+00
2.000000000000000000e+00
0.000000000000000000e+00
0.000000000000000000e+00
1.707100000000000062e+00
0.000000000000000000e+00
0.000000000000000000e+00
0.000000000000000000e+00
2.089809999999999932e-02
1.484269999999999978e+00
2.813470000000000137e-01
0.000000000000000000e+00
0.000000000000000000e+00
-1.187799999999999967e-01
0.000000000000000000e+00
0.000000000000000000e+00
0.000000000000000000e+00
-5.143450000000000522e-01
0.000000000000000000e+00
-7.127109999999999834e-01
0.000000000000000000e+00
4.726400000000000046e-01
0.000000000000000000e+00
0.000000000000000000e+00
0.000000000000000000e+00
0.000000000000000000e+00
0.000000000000000000e+00
0.000000000000000000e+00
0.000000000000000000e+00
2.590470000000000272e-01
0.000000000000000000e+00
0.000000000000000000e+00
0.000000000000000000e+00
0.000000000000000000e+00
0.000000000000000000e+00
0.000000000000000000e+00
0.000000000000000000e+00
0.000000000000000000e+00
0.000000000000000000e+00
0.000000000000000000e+00
0.000000000000000000e+00
3.293089999999999906e-02
8.681980000000000253e-01
0.000000000000000000e+00
-7.658510000000000317e-02
0.000000000000000000e+00
0.000000000000000000e+00
0.000000000000000000e+00
0.000000000000000000e+00
0.000000000000000000e+00
0.000000000000000000e+00
0.000000000000000000e+00
0.000000000000000000e+00
0.000000000000000000e+00
0.000000000000000000e+00
0.000000000000000000e+00
0.000000000000000000e+00
0.000000000000000000e+00
0.000000000000000000e+00
0.000000000000000000e+00
0.000000000000000000e+00
0.000000000000000000e+00
0.000000000000000000e+00
0.000000000000000000e+00
0.000000000000000000e+00
0.000000000000000000e+00
-6.808640000000000247e-01
0.000000000000000000e+00
-3.981660000000000199e-01
0.000000000000000000e+00
0.000000000000000000e+00
0.000000000000000000e+00
0.000000000000000000e+00
0.000000000000000000e+00
0.000000000000000000e+00
0.000000000000000000e+00
0.000000000000000000e+00
-2.817279999999999784e-01
0.000000000000000000e+00
-2.280790000000000040e-01
1.404779999999999918e+00
8.910010000000000430e-01
0.000000000000000000e+00
0.000000000000000000e+00
0.000000000000000000e+00
0.000000000000000000e+00
0.000000000000000000e+00
0.000000000000000000e+00
6.076270000000000282e-01
0.000000000000000000e+00
-1.854909999999999892e-01
0.000000000000000000e+00
0.000000000000000000e+00
0.000000000000000000e+00
7.626300000000000301e-01
0.000000000000000000e+00
0.000000000000000000e+00
-9.020120000000000360e-01
0.000000000000000000e+00
0.000000000000000000e+00
-4.689260000000000095e-01
0.000000000000000000e+00
-6.023699999999999610e-01
4.694519999999999804e-01
-9.247419999999999252e-03
0.000000000000000000e+00
0.000000000000000000e+00
0.000000000000000000e+00
0.000000000000000000e+00
0.000000000000000000e+00
0.000000000000000000e+00
0.000000000000000000e+00
0.000000000000000000e+00
0.000000000000000000e+00
0.000000000000000000e+00
0.000000000000000000e+00
1.158949999999999925e+00
8.935070000000000512e-01
0.000000000000000000e+00
0.000000000000000000e+00
6.678410000000000180e-01
0.000000000000000000e+00
1.954349999999999976e-01
-2.929039999999999977e-01
0.000000000000000000e+00
-9.456489999999999341e-02
0.000000000000000000e+00
0.000000000000000000e+00
0.000000000000000000e+00
0.000000000000000000e+00
-3.313090000000000201e-01
0.000000000000000000e+00
0.000000000000000000e+00
0.000000000000000000e+00
-1.312659999999999938e+00
0.000000000000000000e+00
4.723180000000000156e-01
0.000000000000000000e+00
0.000000000000000000e+00
0.000000000000000000e+00
0.000000000000000000e+00
0.000000000000000000e+00
0.000000000000000000e+00
0.000000000000000000e+00
0.000000000000000000e+00
0.000000000000000000e+00
0.000000000000000000e+00
0.000000000000000000e+00
0.000000000000000000e+00
0.000000000000000000e+00
0.000000000000000000e+00
0.000000000000000000e+00
6.719220000000000192e-01
5.857749999999999763e-02
4.416459999999999830e-01
0.000000000000000000e+00
3.827690000000000259e-01
4.198069999999999857e-01
0.000000000000000000e+00
0.000000000000000000e+00
1.244750000000000023e+00
0.000000000000000000e+00
0.000000000000000000e+00
0.000000000000000000e+00
5.622869999999999951e-02
0.000000000000000000e+00
0.000000000000000000e+00
-7.614479999999999860e-02
0.000000000000000000e+00
0.000000000000000000e+00
0.000000000000000000e+00
2.985300000000000106e-02
-7.296099999999999808e-01
0.000000000000000000e+00
0.000000000000000000e+00
0.000000000000000000e+00
-3.169150000000000023e-01
0.000000000000000000e+00
0.000000000000000000e+00
0.000000000000000000e+00
0.000000000000000000e+00
0.000000000000000000e+00
0.000000000000000000e+00
0.000000000000000000e+00
1.216849999999999987e+00
0.000000000000000000e+00
1.247989999999999933e+00
0.000000000000000000e+00
0.000000000000000000e+00
0.000000000000000000e+00
0.000000000000000000e+00
0.000000000000000000e+00
0.000000000000000000e+00
0.000000000000000000e+00
-1.161579999999999974e-01
0.000000000000000000e+00
4.550250000000000128e-02
0.000000000000000000e+00
0.000000000000000000e+00
0.000000000000000000e+00
0.000000000000000000e+00
0.000000000000000000e+00
0.000000000000000000e+00
0.000000000000000000e+00
0.000000000000000000e+00
0.000000000000000000e+00
0.000000000000000000e+00
0.000000000000000000e+00
0.000000000000000000e+00
0.000000000000000000e+00
0.000000000000000000e+00
0.000000000000000000e+00
0.000000000000000000e+00
0.000000000000000000e+00
0.000000000000000000e+00
0.000000000000000000e+00
0.000000000000000000e+00
0.000000000000000000e+00
0.000000000000000000e+00
0.000000000000000000e+00
0.000000000000000000e+00
0.000000000000000000e+00
0.000000000000000000e+00
0.000000000000000000e+00
0.000000000000000000e+00
0.000000000000000000e+00
0.000000000000000000e+00
1.504790000000000072e+00
3.061579999999999857e-01
0.000000000000000000e+00
0.000000000000000000e+00
0.000000000000000000e+00
0.000000000000000000e+00
0.000000000000000000e+00
0.000000000000000000e+00
0.000000000000000000e+00
0.000000000000000000e+00
-1.687539999999999873e-01
3.458550000000000235e-01
0.000000000000000000e+00
9.979949999999999932e-02
0.000000000000000000e+00
0.000000000000000000e+00
0.000000000000000000e+00
0.000000000000000000e+00
0.000000000000000000e+00
0.000000000000000000e+00
1.009169999999999900e+00
0.000000000000000000e+00
0.000000000000000000e+00
3.238940000000000152e-01
0.000000000000000000e+00
-2.929039999999999977e-01
-3.127690000000000192e-01
0.000000000000000000e+00
0.000000000000000000e+00
0.000000000000000000e+00
0.000000000000000000e+00
0.000000000000000000e+00
0.000000000000000000e+00
0.000000000000000000e+00
0.000000000000000000e+00
0.000000000000000000e+00
0.000000000000000000e+00
0.000000000000000000e+00
0.000000000000000000e+00
0.000000000000000000e+00
0.000000000000000000e+00
0.000000000000000000e+00
0.000000000000000000e+00
0.000000000000000000e+00
0.000000000000000000e+00
0.000000000000000000e+00
0.000000000000000000e+00
0.000000000000000000e+00
0.000000000000000000e+00
0.000000000000000000e+00
-4.988810000000000189e-01
0.000000000000000000e+00
0.000000000000000000e+00
6.327380000000000226e-01
-8.567399999999999460e-01
-7.782989999999999353e-02
0.000000000000000000e+00
0.000000000000000000e+00
0.000000000000000000e+00
4.218060000000000143e-01
0.000000000000000000e+00
1.020630000000000009e-01
6.639650000000000274e-01
0.000000000000000000e+00
0.000000000000000000e+00
0.000000000000000000e+00
0.000000000000000000e+00
0.000000000000000000e+00
3.870930000000000204e-01
0.000000000000000000e+00
0.000000000000000000e+00
0.000000000000000000e+00
0.000000000000000000e+00
0.000000000000000000e+00
0.000000000000000000e+00
0.000000000000000000e+00
0.000000000000000000e+00
0.000000000000000000e+00
0.000000000000000000e+00
-8.186090000000000311e-01
0.000000000000000000e+00
0.000000000000000000e+00
0.000000000000000000e+00
0.000000000000000000e+00
0.000000000000000000e+00
4.166239999999999943e-01
7.782989999999999353e-02
1.602139999999999953e-01
0.000000000000000000e+00
-8.992920000000000080e-02
5.389260000000000161e-01
0.000000000000000000e+00
3.883050000000000113e-01
0.000000000000000000e+00
0.000000000000000000e+00
0.000000000000000000e+00
0.000000000000000000e+00
0.000000000000000000e+00
0.000000000000000000e+00
0.000000000000000000e+00
0.000000000000000000e+00
0.000000000000000000e+00
0.000000000000000000e+00
0.000000000000000000e+00
-7.720259999999999900e-01
0.000000000000000000e+00
1.115019999999999900e+00
0.000000000000000000e+00
0.000000000000000000e+00
0.000000000000000000e+00
2.165980000000000127e-01
0.000000000000000000e+00
2.316549999999999998e-01
0.000000000000000000e+00
0.000000000000000000e+00
5.080780000000000296e-01
0.000000000000000000e+00
0.000000000000000000e+00
0.000000000000000000e+00
0.000000000000000000e+00
0.000000000000000000e+00
0.000000000000000000e+00
0.000000000000000000e+00
-5.322179999999999689e-01
0.000000000000000000e+00
0.000000000000000000e+00
0.000000000000000000e+00
2.100130000000000052e-02
0.000000000000000000e+00
0.000000000000000000e+00
-6.667290000000000161e-01
0.000000000000000000e+00
0.000000000000000000e+00
0.000000000000000000e+00
0.000000000000000000e+00
0.000000000000000000e+00
0.000000000000000000e+00
0.000000000000000000e+00
0.000000000000000000e+00
0.000000000000000000e+00
0.000000000000000000e+00
0.000000000000000000e+00
0.000000000000000000e+00
0.000000000000000000e+00
0.000000000000000000e+00
0.000000000000000000e+00
7.957210000000000116e-01
0.000000000000000000e+00
0.000000000000000000e+00
4.440339999999999843e-01
-1.415359999999999951e-01
0.000000000000000000e+00
0.000000000000000000e+00
1.447749999999999870e-01
0.000000000000000000e+00
3.190919999999999868e-01
0.000000000000000000e+00
0.000000000000000000e+00
0.000000000000000000e+00
4.770349999999999868e-01
0.000000000000000000e+00
-1.810140000000000082e-01
-1.230409999999999976e-01
-5.291050000000000475e-01
0.000000000000000000e+00
0.000000000000000000e+00
0.000000000000000000e+00
6.477220000000000200e-01
0.000000000000000000e+00
0.000000000000000000e+00
-2.785409999999999831e-01
-2.929039999999999977e-01
-9.834399999999999809e-01
0.000000000000000000e+00
0.000000000000000000e+00
0.000000000000000000e+00
0.000000000000000000e+00
0.000000000000000000e+00
0.000000000000000000e+00
0.000000000000000000e+00
0.000000000000000000e+00
0.000000000000000000e+00
0.000000000000000000e+00
0.000000000000000000e+00
0.000000000000000000e+00
0.000000000000000000e+00
2.100619999999999918e-02
-1.640349999999999864e-01
0.000000000000000000e+00
0.000000000000000000e+00
0.000000000000000000e+00
0.000000000000000000e+00
-2.436200000000000032e-01
0.000000000000000000e+00
0.000000000000000000e+00
0.000000000000000000e+00
0.000000000000000000e+00
0.000000000000000000e+00
0.000000000000000000e+00
0.000000000000000000e+00
0.000000000000000000e+00
0.000000000000000000e+00
0.000000000000000000e+00
0.000000000000000000e+00
0.000000000000000000e+00
0.000000000000000000e+00
0.000000000000000000e+00
0.000000000000000000e+00
-1.183910000000000018e+00
0.000000000000000000e+00
0.000000000000000000e+00
2.466520000000000101e-01
9.161110000000000086e-02
-1.036440000000000028e+00
0.000000000000000000e+00
0.000000000000000000e+00
0.000000000000000000e+00
0.000000000000000000e+00
0.000000000000000000e+00
0.000000000000000000e+00
0.000000000000000000e+00
0.000000000000000000e+00
-2.850320000000000076e-01
-2.929039999999999977e-01
1.337769999999999904e+00
0.000000000000000000e+00
0.000000000000000000e+00
0.000000000000000000e+00
1.073120000000000074e+00
-2.258249999999999980e-01
-5.740269999999999539e-01
0.000000000000000000e+00
1.500760000000000094e+00
2.895449999999999968e-01
0.000000000000000000e+00
0.000000000000000000e+00
0.000000000000000000e+00
1.512070000000000025e+00
0.000000000000000000e+00
0.000000000000000000e+00
0.000000000000000000e+00
0.000000000000000000e+00
0.000000000000000000e+00
0.000000000000000000e+00
0.000000000000000000e+00
0.000000000000000000e+00
0.000000000000000000e+00
0.000000000000000000e+00
0.000000000000000000e+00
0.000000000000000000e+00
-7.980760000000000076e-01
0.000000000000000000e+00
0.000000000000000000e+00
-3.793389999999999818e-01
-2.172070000000000112e-01
-5.575189999999999868e-01
-3.554959999999999787e-01
0.000000000000000000e+00
0.000000000000000000e+00
-6.477220000000000200e-01
1.904720000000000024e-01
0.000000000000000000e+00
0.000000000000000000e+00
-2.393260000000000165e+00
0.000000000000000000e+00
0.000000000000000000e+00
0.000000000000000000e+00
0.000000000000000000e+00
0.000000000000000000e+00
0.000000000000000000e+00
0.000000000000000000e+00
-6.389709999999999557e-01
0.000000000000000000e+00
0.000000000000000000e+00
0.000000000000000000e+00
0.000000000000000000e+00
-3.255879999999999885e-01
-1.964920000000000000e+00
0.000000000000000000e+00
0.000000000000000000e+00
0.000000000000000000e+00
0.000000000000000000e+00
0.000000000000000000e+00
0.000000000000000000e+00
0.000000000000000000e+00
0.000000000000000000e+00
5.239549999999999486e-01
-2.025849999999999873e-01
-7.425890000000000546e-01
5.282570000000000321e-02
0.000000000000000000e+00
0.000000000000000000e+00
0.000000000000000000e+00
0.000000000000000000e+00
0.000000000000000000e+00
0.000000000000000000e+00
0.000000000000000000e+00
-1.137550000000000061e+00
0.000000000000000000e+00
3.085450000000000137e-01
0.000000000000000000e+00
0.000000000000000000e+00
0.000000000000000000e+00
0.000000000000000000e+00
0.000000000000000000e+00
0.000000000000000000e+00
-3.107219999999999982e-01
0.000000000000000000e+00
-2.569319999999999937e-01
4.344140000000000224e-01
4.840180000000000038e-01
0.000000000000000000e+00
0.000000000000000000e+00
-5.419129999999999781e-01
0.000000000000000000e+00
0.000000000000000000e+00
0.000000000000000000e+00
0.000000000000000000e+00
0.000000000000000000e+00
-1.895569999999999977e+00
0.000000000000000000e+00
0.000000000000000000e+00
-1.686010000000000009e-01
-7.903170000000000472e-01
0.000000000000000000e+00
0.000000000000000000e+00
0.000000000000000000e+00
-2.331050000000000066e-01
-4.893419999999999992e-01
-3.825450000000000239e-01
0.000000000000000000e+00
0.000000000000000000e+00
-3.946450000000000236e-01
3.063629999999999853e+00
-4.752340000000000036e-02
-7.265540000000000331e-01
0.000000000000000000e+00
0.000000000000000000e+00
0.000000000000000000e+00
0.000000000000000000e+00
0.000000000000000000e+00
0.000000000000000000e+00
0.000000000000000000e+00
0.000000000000000000e+00
0.000000000000000000e+00
1.269619999999999971e+00
-2.746190000000000020e-01
0.000000000000000000e+00
0.000000000000000000e+00
0.000000000000000000e+00
-2.190510000000000179e+00
0.000000000000000000e+00
0.000000000000000000e+00
0.000000000000000000e+00
0.000000000000000000e+00
0.000000000000000000e+00
0.000000000000000000e+00
-2.929039999999999977e-01
0.000000000000000000e+00
0.000000000000000000e+00
0.000000000000000000e+00
0.000000000000000000e+00
0.000000000000000000e+00
0.000000000000000000e+00
0.000000000000000000e+00
-5.322179999999999689e-01
0.000000000000000000e+00
-2.454189999999999983e-01
0.000000000000000000e+00
0.000000000000000000e+00
0.000000000000000000e+00
0.000000000000000000e+00
-7.225349999999999828e-02
-2.350570000000000177e-03
0.000000000000000000e+00
0.000000000000000000e+00
9.890269999999999895e-01
-4.764859999999999929e-02
0.000000000000000000e+00
0.000000000000000000e+00
-2.209540000000000115e-01
0.000000000000000000e+00
-1.750999999999999890e+00
0.000000000000000000e+00
0.000000000000000000e+00
0.000000000000000000e+00
0.000000000000000000e+00
0.000000000000000000e+00
-1.070400000000000018e+00
0.000000000000000000e+00
-2.272719999999999949e-02
0.000000000000000000e+00
-6.226199999999999513e-01
0.000000000000000000e+00
0.000000000000000000e+00
0.000000000000000000e+00
0.000000000000000000e+00
-3.268619999999999859e-01
0.000000000000000000e+00
0.000000000000000000e+00
0.000000000000000000e+00
0.000000000000000000e+00
-1.504990000000000050e+00
-2.629429999999999823e-01
0.000000000000000000e+00
0.000000000000000000e+00
0.000000000000000000e+00
0.000000000000000000e+00
-2.952170000000000072e-01
0.000000000000000000e+00
0.000000000000000000e+00
0.000000000000000000e+00
-2.929039999999999977e-01
0.000000000000000000e+00
0.000000000000000000e+00
0.000000000000000000e+00
0.000000000000000000e+00
0.000000000000000000e+00
0.000000000000000000e+00
0.000000000000000000e+00
0.000000000000000000e+00
0.000000000000000000e+00
0.000000000000000000e+00
0.000000000000000000e+00
0.000000000000000000e+00
0.000000000000000000e+00
0.000000000000000000e+00
0.000000000000000000e+00
3.862579999999999902e-01
0.000000000000000000e+00
-3.531730000000000147e-01
0.000000000000000000e+00
0.000000000000000000e+00
-6.239620000000000166e-01
-2.820819999999999994e-01
-2.169039999999999857e-02
0.000000000000000000e+00
0.000000000000000000e+00
0.000000000000000000e+00
0.000000000000000000e+00
-2.061620000000000119e-01
-8.452849999999999531e-01
0.000000000000000000e+00
0.000000000000000000e+00
0.000000000000000000e+00
0.000000000000000000e+00
0.000000000000000000e+00
0.000000000000000000e+00
0.000000000000000000e+00
0.000000000000000000e+00
0.000000000000000000e+00
0.000000000000000000e+00
1.493029999999999913e-01
-1.288779999999999926e-01
0.000000000000000000e+00
0.000000000000000000e+00
0.000000000000000000e+00
-4.116580000000000239e-01
-7.509700000000000264e-01
-4.625770000000000159e-01
-1.284899999999999931e+00
-2.929039999999999977e-01
0.000000000000000000e+00
6.731009999999999494e-01
0.000000000000000000e+00
0.000000000000000000e+00
0.000000000000000000e+00
0.000000000000000000e+00
0.000000000000000000e+00
0.000000000000000000e+00
0.000000000000000000e+00
-5.068340000000000067e-01
-4.624579999999999802e-01
0.000000000000000000e+00
0.000000000000000000e+00
1.447680000000000078e-01
0.000000000000000000e+00
2.316370000000000096e-01
-7.643110000000000485e-04
-1.701799999999999979e+00
0.000000000000000000e+00
0.000000000000000000e+00
0.000000000000000000e+00
0.000000000000000000e+00
0.000000000000000000e+00
0.000000000000000000e+00
0.000000000000000000e+00
-2.701689999999999925e-01
0.000000000000000000e+00
0.000000000000000000e+00
0.000000000000000000e+00
0.000000000000000000e+00
0.000000000000000000e+00
0.000000000000000000e+00
1.400849999999999873e-01
0.000000000000000000e+00
0.000000000000000000e+00
-1.059199999999999919e+00
0.000000000000000000e+00
-4.652209999999999956e-01
0.000000000000000000e+00
0.000000000000000000e+00
0.000000000000000000e+00
-9.237510000000000332e+00
0.000000000000000000e+00
-1.166199999999999903e+00
0.000000000000000000e+00
0.000000000000000000e+00
0.000000000000000000e+00
-9.604890000000000649e-02
0.000000000000000000e+00
-3.612569999999999948e-01
0.000000000000000000e+00
0.000000000000000000e+00
-3.699540000000000051e-01
0.000000000000000000e+00
-7.117610000000000603e-02
0.000000000000000000e+00
0.000000000000000000e+00
-2.385919999999999985e-01
0.000000000000000000e+00
0.000000000000000000e+00
0.000000000000000000e+00
0.000000000000000000e+00
0.000000000000000000e+00
0.000000000000000000e+00
0.000000000000000000e+00
-2.929039999999999977e-01
0.000000000000000000e+00
-1.056170000000000053e+00
0.000000000000000000e+00
0.000000000000000000e+00
-9.213789999999999480e-01
-1.575010000000000021e+00
-8.134230000000000071e-01
0.000000000000000000e+00
-9.369439999999999991e-01
-1.718140000000000001e+00
0.000000000000000000e+00
-1.968799999999999994e-01
0.000000000000000000e+00
0.000000000000000000e+00
0.000000000000000000e+00
0.000000000000000000e+00
0.000000000000000000e+00
0.000000000000000000e+00
0.000000000000000000e+00
0.000000000000000000e+00
0.000000000000000000e+00
0.000000000000000000e+00
0.000000000000000000e+00
0.000000000000000000e+00
-4.198069999999999857e-01
