0.000000000000000000e+00
9.540999999999999481e-02
0.000000000000000000e+00
5.311369999999999703e-01
9.651629999999999932e-02
6.334560000000000364e-03
0.000000000000000000e+00
0.000000000000000000e+00
-2.526700000000000057e-01
0.000000000000000000e+00
0.000000000000000000e+00
0.000000000000000000e+00
0.000000000000000000e+00
0.000000000000000000e+00
1.585390000000000077e+00
0.000000000000000000e+00
1.105290000000000106e+00
0.000000000000000000e+00
-3.334779999999999966e-01
0.000000000000000000e+00
0.000000000000000000e+00
1.333269999999999955e+00
-4.187400000000000011e-01
0.000000000000000000e+00
0.000000000000000000e+00
-1.362649999999999972e-01
-1.137029999999999985e-01
0.000000000000000000e+00
4.848720000000000252e-01
0.000000000000000000e+00
0.000000000000000000e+00
-4.777870000000000034e-02
-3.186340000000000006e-02
0.000000000000000000e+00
0.000000000000000000e+00
0.000000000000000000e+00
0.000000000000000000e+00
0.000000000000000000e+00
0.000000000000000000e+00
0.000000000000000000e+00
0.000000000000000000e+00
0.000000000000000000e+00
0.000000000000000000e+00
-3.899459999999999732e-02
5.412940000000000529e-01
0.000000000000000000e+00
0.000000000000000000e+00
2.943709999999999938e-01
0.000000000000000000e+00
-1.626960000000000073e-01
0.000000000000000000e+00
7.360020000000000451e-01
0.000000000000000000e+00
0.000000000000000000e+00
6.745120000000000005e-01
-2.968430000000000235e-01
0.000000000000000000e+00
0.000000000000000000e+00
0.000000000000000000e+00
0.000000000000000000e+00
9.143040000000000056e-01
0.000000000000000000e+00
0.000000000000000000e+00
0.000000000000000000e+00
1.047960000000000003e-01
7.247090000000000476e-01
0.000000000000000000e+00
0.000000000000000000e+00
0.000000000000000000e+00
0.000000000000000000e+00
0.000000000000000000e+00
0.000000000000000000e+00
0.000000000000000000e+00
0.000000000000000000e+00
0.000000000000000000e+00
0.000000000000000000e+00
0.000000000000000000e+00
1.832439999999999902e-01
3.366279999999999828e-01
0.000000000000000000e+00
-2.093430000000000013e-01
0.000000000000000000e+00
0.000000000000000000e+00
0.000000000000000000e+00
8.523349999999999538e-01
0.000000000000000000e+00
0.000000000000000000e+00
0.000000000000000000e+00
0.000000000000000000e+00
0.000000000000000000e+00
0.000000000000000000e+00
8.979540000000000299e-01
0.000000000000000000e+00
0.000000000000000000e+00
0.000000000000000000e+00
0.000000000000000000e+00
0.000000000000000000e+00
0.000000000000000000e+00
0.000000000000000000e+00
0.000000000000000000e+00
1.521049999999999902e-01
0.000000000000000000e+00
0.000000000000000000e+00
0.000000000000000000e+00
0.000000000000000000e+00
5.379150000000000320e-01
4.578180000000000027e-01
0.000000000000000000e+00
0.000000000000000000e+00
0.000000000000000000e+00
0.000000000000000000e+00
0.000000000000000000e+00
0.000000000000000000e+00
1.883739999999999970e+00
0.000000000000000000e+00
0.000000000000000000e+00
0.000000000000000000e+00
0.000000000000000000e+00
0.000000000000000000e+00
0.000000000000000000e+00
0.000000000000000000e+00
0.000000000000000000e+00
0.000000000000000000e+00
0.000000000000000000e+00
0.000000000000000000e+00
0.000000000000000000e+00
0.000000000000000000e+00
0.000000000000000000e+00
1.112940000000000040e+00
0.000000000000000000e+00
0.000000000000000000e+00
0.000000000000000000e+00
0.000000000000000000e+00
0.000000000000000000e+00
4.910899999999999987e-02
0.000000000000000000e+00
0.000000000000000000e+00
0.000000000000000000e+00
0.000000000000000000e+00
0.000000000000000000e+00
1.704759999999999887e-01
0.000000000000000000e+00
0.000000000000000000e+00
0.000000000000000000e+00
0.000000000000000000e+00
0.000000000000000000e+00
0.000000000000000000e+00
0.000000000000000000e+00
0.000000000000000000e+00
0.000000000000000000e+00
0.000000000000000000e+00
1.048249999999999904e+00
-1.575900000000000079e-01
0.000000000000000000e+00
0.000000000000000000e+00
0.000000000000000000e+00
0.000000000000000000e+00
0.000000000000000000e+00
6.503259999999999597e-01
0.000000000000000000e+00
-5.301350000000000229e-01
0.000000000000000000e+00
2.505550000000000138e-02
0.000000000000000000e+00
0.000000000000000000e+00
0.000000000000000000e+00
0.000000000000000000e+00
0.000000000000000000e+00
0.000000000000000000e+00
0.000000000000000000e+00
0.000000000000000000e+00
0.000000000000000000e+00
0.000000000000000000e+00
0.000000000000000000e+00
0.000000000000000000e+00
0.000000000000000000e+00
0.000000000000000000e+00
0.000000000000000000e+00
0.000000000000000000e+00
0.000000000000000000e+00
0.000000000000000000e+00
0.000000000000000000e+00
0.000000000000000000e+00
0.000000000000000000e+00
0.000000000000000000e+00
0.000000000000000000e+00
0.000000000000000000e+00
0.000000000000000000e+00
0.000000000000000000e+00
0.000000000000000000e+00
0.000000000000000000e+00
0.000000000000000000e+00
0.000000000000000000e+00
-6.205580000000000540e-01
0.000000000000000000e+00
0.000000000000000000e+00
-6.358460000000000500e-02
0.000000000000000000e+00
0.000000000000000000e+00
0.000000000000000000e+00
0.000000000000000000e+00
2.668579999999999841e-01
0.000000000000000000e+00
0.000000000000000000e+00
0.000000000000000000e+00
0.000000000000000000e+00
0.000000000000000000e+00
7.779290000000000337e-03
2.351850000000000052e-01
0.000000000000000000e+00
0.000000000000000000e+00
0.000000000000000000e+00
2.728960000000000066e-02
0.000000000000000000e+00
0.000000000000000000e+00
0.000000000000000000e+00
7.221419999999999506e-01
5.527940000000000076e-01
0.000000000000000000e+00
8.233300000000000063e-01
0.000000000000000000e+00
0.000000000000000000e+00
0.000000000000000000e+00
0.000000000000000000e+00
0.000000000000000000e+00
2.768590000000000217e-01
0.000000000000000000e+00
2.980949999999999989e-01
2.271959999999999952e-02
9.413850000000000273e-01
3.128009999999999957e-01
2.172550000000000037e-01
0.000000000000000000e+00
0.000000000000000000e+00
6.283370000000000344e-01
0.000000000000000000e+00
0.000000000000000000e+00
0.000000000000000000e+00
2.002439999999999998e+00
1.249679999999999902e+00
0.000000000000000000e+00
0.000000000000000000e+00
0.000000000000000000e+00
0.000000000000000000e+00
0.000000000000000000e+00
3.795740000000000225e-01
1.499689999999999968e+00
0.000000000000000000e+00
6.755870000000000486e-01
0.000000000000000000e+00
0.000000000000000000e+00
0.000000000000000000e+00
0.000000000000000000e+00
0.000000000000000000e+00
1.114700000000000066e-02
0.000000000000000000e+00
0.000000000000000000e+00
7.881879999999999997e-01
1.985349999999999962e-02
0.000000000000000000e+00
1.192979999999999929e+00
0.000000000000000000e+00
2.964510000000000201e-01
1.619769999999999932e+00
9.355629999999999502e-02
6.490210000000000423e-02
1.088780000000000026e-01
2.739869999999999806e-01
9.554700000000000415e-01
8.818139999999999312e-02
0.000000000000000000e+00
3.317309999999999981e-01
0.000000000000000000e+00
1.276310000000000056e+00
0.000000000000000000e+00
1.427959999999999896e+00
1.145469999999999960e-01
0.000000000000000000e+00
-1.331040000000000001e-01
0.000000000000000000e+00
-2.528860000000000136e-02
0.000000000000000000e+00
8.214559999999999640e-01
0.000000000000000000e+00
0.000000000000000000e+00
-6.264709999999999723e-02
0.000000000000000000e+00
0.000000000000000000e+00
0.000000000000000000e+00
4.601129999999999942e-01
8.171779999999999600e-01
1.529020000000000101e-01
0.000000000000000000e+00
0.000000000000000000e+00
0.000000000000000000e+00
0.000000000000000000e+00
0.000000000000000000e+00
0.000000000000000000e+00
0.000000000000000000e+00
0.000000000000000000e+00
0.000000000000000000e+00
0.000000000000000000e+00
0.000000000000000000e+00
0.000000000000000000e+00
0.000000000000000000e+00
0.000000000000000000e+00
0.000000000000000000e+00
0.000000000000000000e+00
1.055829999999999963e-02
0.000000000000000000e+00
2.114360000000000128e-01
7.779290000000000337e-03
1.279470000000000052e-01
0.000000000000000000e+00
0.000000000000000000e+00
0.000000000000000000e+00
0.000000000000000000e+00
0.000000000000000000e+00
0.000000000000000000e+00
0.000000000000000000e+00
4.265200000000000102e-01
0.000000000000000000e+00
0.000000000000000000e+00
0.000000000000000000e+00
-2.100159999999999874e-02
8.175860000000000072e-02
0.000000000000000000e+00
0.000000000000000000e+00
0.000000000000000000e+00
0.000000000000000000e+00
0.000000000000000000e+00
0.000000000000000000e+00
0.000000000000000000e+00
0.000000000000000000e+00
0.000000000000000000e+00
4.362590000000000079e-01
6.029109999999999747e-01
0.000000000000000000e+00
0.000000000000000000e+00
8.525709999999999678e-01
2.216200000000000114e-01
0.000000000000000000e+00
0.000000000000000000e+00
0.000000000000000000e+00
1.184599999999999959e-01
0.000000000000000000e+00
0.000000000000000000e+00
0.000000000000000000e+00
0.000000000000000000e+00
0.000000000000000000e+00
5.303309999999999969e-01
0.000000000000000000e+00
0.000000000000000000e+00
0.000000000000000000e+00
0.000000000000000000e+00
5.359939999999999705e-01
6.066979999999999595e-01
0.000000000000000000e+00
6.358249999999999735e-01
0.000000000000000000e+00
0.000000000000000000e+00
1.257570000000000077e+00
0.000000000000000000e+00
0.000000000000000000e+00
0.000000000000000000e+00
1.015390000000000015e+00
9.625660000000000327e-01
0.000000000000000000e+00
0.000000000000000000e+00
0.000000000000000000e+00
0.000000000000000000e+00
0.000000000000000000e+00
0.000000000000000000e+00
0.000000000000000000e+00
5.532460000000000155e-01
0.000000000000000000e+00
0.000000000000000000e+00
0.000000000000000000e+00
0.000000000000000000e+00
0.000000000000000000e+00
0.000000000000000000e+00
0.000000000000000000e+00
0.000000000000000000e+00
0.000000000000000000e+00
0.000000000000000000e+00
0.000000000000000000e+00
0.000000000000000000e+00
0.000000000000000000e+00
0.000000000000000000e+00
0.000000000000000000e+00
0.000000000000000000e+00
0.000000000000000000e+00
6.276669999999999472e-02
0.000000000000000000e+00
0.000000000000000000e+00
0.000000000000000000e+00
0.000000000000000000e+00
0.000000000000000000e+00
2.839420000000000277e-01
0.000000000000000000e+00
1.560219999999999940e-01
0.000000000000000000e+00
0.000000000000000000e+00
0.000000000000000000e+00
0.000000000000000000e+00
0.000000000000000000e+00
4.392440000000000233e-01
0.000000000000000000e+00
0.000000000000000000e+00
0.000000000000000000e+00
0.000000000000000000e+00
0.000000000000000000e+00
0.000000000000000000e+00
0.000000000000000000e+00
5.921959999999999447e-01
0.000000000000000000e+00
0.000000000000000000e+00
0.000000000000000000e+00
0.000000000000000000e+00
1.337450000000000028e+00
-2.750500000000000167e-01
0.000000000000000000e+00
0.000000000000000000e+00
0.000000000000000000e+00
0.000000000000000000e+00
0.000000000000000000e+00
0.000000000000000000e+00
0.000000000000000000e+00
0.000000000000000000e+00
3.123719999999999830e-01
0.000000000000000000e+00
2.471790000000000098e-01
0.000000000000000000e+00
0.000000000000000000e+00
0.000000000000000000e+00
0.000000000000000000e+00
3.010579999999999923e-01
0.000000000000000000e+00
-1.625050000000000106e-01
0.000000000000000000e+00
-2.824619999999999909e-01
-5.340730000000000199e-01
0.000000000000000000e+00
0.000000000000000000e+00
0.000000000000000000e+00
0.000000000000000000e+00
1.367250000000000076e+00
0.000000000000000000e+00
0.000000000000000000e+00
0.000000000000000000e+00
0.000000000000000000e+00
0.000000000000000000e+00
0.000000000000000000e+00
0.000000000000000000e+00
0.000000000000000000e+00
0.000000000000000000e+00
0.000000000000000000e+00
0.000000000000000000e+00
0.000000000000000000e+00
0.000000000000000000e+00
0.000000000000000000e+00
0.000000000000000000e+00
0.000000000000000000e+00
0.000000000000000000e+00
0.000000000000000000e+00
1.071120000000000058e-02
0.000000000000000000e+00
3.767229999999999746e-01
9.713600000000000012e-01
0.000000000000000000e+00
0.000000000000000000e+00
0.000000000000000000e+00
0.000000000000000000e+00
0.000000000000000000e+00
0.000000000000000000e+00
0.000000000000000000e+00
2.588150000000000173e-01
0.000000000000000000e+00
0.000000000000000000e+00
0.000000000000000000e+00
0.000000000000000000e+00
0.000000000000000000e+00
0.000000000000000000e+00
0.000000000000000000e+00
0.000000000000000000e+00
0.000000000000000000e+00
0.000000000000000000e+00
0.000000000000000000e+00
0.000000000000000000e+00
0.000000000000000000e+00
0.000000000000000000e+00
0.000000000000000000e+00
0.000000000000000000e+00
-1.046060000000000045e-01
0.000000000000000000e+00
0.000000000000000000e+00
0.000000000000000000e+00
0.000000000000000000e+00
0.000000000000000000e+00
3.953289999999999860e-01
0.000000000000000000e+00
0.000000000000000000e+00
2.898519999999999985e-01
0.000000000000000000e+00
0.000000000000000000e+00
0.000000000000000000e+00
0.000000000000000000e+00
0.000000000000000000e+00
0.000000000000000000e+00
0.000000000000000000e+00
0.000000000000000000e+00
0.000000000000000000e+00
0.000000000000000000e+00
2.572459999999999747e-01
0.000000000000000000e+00
0.000000000000000000e+00
0.000000000000000000e+00
0.000000000000000000e+00
0.000000000000000000e+00
-5.686499999999999888e-02
0.000000000000000000e+00
0.000000000000000000e+00
0.000000000000000000e+00
0.000000000000000000e+00
0.000000000000000000e+00
0.000000000000000000e+00
9.612799999999999470e-03
0.000000000000000000e+00
0.000000000000000000e+00
0.000000000000000000e+00
0.000000000000000000e+00
0.000000000000000000e+00
1.862179999999999946e+00
0.000000000000000000e+00
0.000000000000000000e+00
0.000000000000000000e+00
0.000000000000000000e+00
0.000000000000000000e+00
0.000000000000000000e+00
0.000000000000000000e+00
0.000000000000000000e+00
0.000000000000000000e+00
-3.921199999999999686e-02
-9.163010000000000599e-02
0.000000000000000000e+00
0.000000000000000000e+00
0.000000000000000000e+00
0.000000000000000000e+00
0.000000000000000000e+00
0.000000000000000000e+00
0.000000000000000000e+00
0.000000000000000000e+00
0.000000000000000000e+00
0.000000000000000000e+00
0.000000000000000000e+00
0.000000000000000000e+00
0.000000000000000000e+00
0.000000000000000000e+00
3.309340000000000198e-02
0.000000000000000000e+00
0.000000000000000000e+00
0.000000000000000000e+00
0.000000000000000000e+00
0.000000000000000000e+00
0.000000000000000000e+00
0.000000000000000000e+00
0.000000000000000000e+00
0.000000000000000000e+00
0.000000000000000000e+00
-4.350740000000000163e-02
0.000000000000000000e+00
-7.349250000000000227e-02
0.000000000000000000e+00
0.000000000000000000e+00
0.000000000000000000e+00
0.000000000000000000e+00
7.317089999999999705e-02
0.000000000000000000e+00
0.000000000000000000e+00
0.000000000000000000e+00
0.000000000000000000e+00
0.000000000000000000e+00
-1.245269999999999988e-01
0.000000000000000000e+00
-2.714949999999999863e-01
0.000000000000000000e+00
0.000000000000000000e+00
0.000000000000000000e+00
0.000000000000000000e+00
0.000000000000000000e+00
0.000000000000000000e+00
0.000000000000000000e+00
0.000000000000000000e+00
0.000000000000000000e+00
0.000000000000000000e+00
0.000000000000000000e+00
0.000000000000000000e+00
0.000000000000000000e+00
0.000000000000000000e+00
2.068480000000000041e-01
0.000000000000000000e+00
0.000000000000000000e+00
0.000000000000000000e+00
0.000000000000000000e+00
0.000000000000000000e+00
0.000000000000000000e+00
0.000000000000000000e+00
0.000000000000000000e+00
0.000000000000000000e+00
0.000000000000000000e+00
0.000000000000000000e+00
0.000000000000000000e+00
0.000000000000000000e+00
0.000000000000000000e+00
0.000000000000000000e+00
0.000000000000000000e+00
0.000000000000000000e+00
0.000000000000000000e+00
0.000000000000000000e+00
0.000000000000000000e+00
0.000000000000000000e+00
0.000000000000000000e+00
0.000000000000000000e+00
-8.651440000000000241e-01
-1.952129999999999976e-01
0.000000000000000000e+00
0.000000000000000000e+00
8.742250000000000021e-02
0.000000000000000000e+00
0.000000000000000000e+00
0.000000000000000000e+00
1.045390000000000069e-01
0.000000000000000000e+00
0.000000000000000000e+00
0.000000000000000000e+00
0.000000000000000000e+00
0.000000000000000000e+00
0.000000000000000000e+00
7.779290000000000337e-03
0.000000000000000000e+00
0.000000000000000000e+00
0.000000000000000000e+00
0.000000000000000000e+00
0.000000000000000000e+00
0.000000000000000000e+00
0.000000000000000000e+00
0.000000000000000000e+00
0.000000000000000000e+00
0.000000000000000000e+00
0.000000000000000000e+00
0.000000000000000000e+00
0.000000000000000000e+00
0.000000000000000000e+00
0.000000000000000000e+00
0.000000000000000000e+00
0.000000000000000000e+00
0.000000000000000000e+00
1.363779999999999992e+00
0.000000000000000000e+00
0.000000000000000000e+00
0.000000000000000000e+00
0.000000000000000000e+00
0.000000000000000000e+00
0.000000000000000000e+00
0.000000000000000000e+00
3.130270000000000101e-03
0.000000000000000000e+00
0.000000000000000000e+00
0.000000000000000000e+00
-6.291050000000000253e-01
2.902410000000000267e-01
-1.659079999999999999e-01
-4.517260000000000164e-01
3.672199999999999770e-02
0.000000000000000000e+00
0.000000000000000000e+00
0.000000000000000000e+00
0.000000000000000000e+00
0.000000000000000000e+00
0.000000000000000000e+00
0.000000000000000000e+00
0.000000000000000000e+00
0.000000000000000000e+00
0.000000000000000000e+00
0.000000000000000000e+00
0.000000000000000000e+00
0.000000000000000000e+00
1.815160000000000107e-01
-1.552880000000000094e-01
0.000000000000000000e+00
0.000000000000000000e+00
0.000000000000000000e+00
0.000000000000000000e+00
0.000000000000000000e+00
0.000000000000000000e+00
0.000000000000000000e+00
-5.185109999999999719e-03
0.000000000000000000e+00
0.000000000000000000e+00
0.000000000000000000e+00
0.000000000000000000e+00
-2.886310000000000264e-01
-1.219729999999999981e-01
6.623980000000000146e-02
-1.601120000000000043e-01
0.000000000000000000e+00
0.000000000000000000e+00
-7.994560000000000555e-02
0.000000000000000000e+00
0.000000000000000000e+00
0.000000000000000000e+00
0.000000000000000000e+00
0.000000000000000000e+00
0.000000000000000000e+00
0.000000000000000000e+00
0.000000000000000000e+00
0.000000000000000000e+00
8.482499999999999485e-01
0.000000000000000000e+00
0.000000000000000000e+00
0.000000000000000000e+00
0.000000000000000000e+00
0.000000000000000000e+00
-1.170029999999999959e-01
2.876279999999999948e-01
0.000000000000000000e+00
0.000000000000000000e+00
0.000000000000000000e+00
0.000000000000000000e+00
0.000000000000000000e+00
0.000000000000000000e+00
1.022980000000000000e+00
0.000000000000000000e+00
0.000000000000000000e+00
0.000000000000000000e+00
0.000000000000000000e+00
0.000000000000000000e+00
0.000000000000000000e+00
0.000000000000000000e+00
0.000000000000000000e+00
0.000000000000000000e+00
0.000000000000000000e+00
-2.148100000000000009e-01
0.000000000000000000e+00
-9.931489999999999763e-02
9.742080000000000184e-03
0.000000000000000000e+00
-6.150309999999999805e-02
0.000000000000000000e+00
-3.010260000000000019e-02
-4.350609999999999894e-02
0.000000000000000000e+00
-1.943280000000000007e-01
-7.276290000000000535e-02
0.000000000000000000e+00
0.000000000000000000e+00
0.000000000000000000e+00
0.000000000000000000e+00
0.000000000000000000e+00
0.000000000000000000e+00
0.000000000000000000e+00
4.201219999999999954e-02
0.000000000000000000e+00
0.000000000000000000e+00
0.000000000000000000e+00
0.000000000000000000e+00
0.000000000000000000e+00
0.000000000000000000e+00
0.000000000000000000e+00
0.000000000000000000e+00
0.000000000000000000e+00
0.000000000000000000e+00
-2.184290000000000120e-01
0.000000000000000000e+00
0.000000000000000000e+00
0.000000000000000000e+00
-9.964989999999999959e-02
0.000000000000000000e+00
0.000000000000000000e+00
0.000000000000000000e+00
-2.205179999999999918e-01
0.000000000000000000e+00
0.000000000000000000e+00
0.000000000000000000e+00
-4.912090000000000067e-01
0.000000000000000000e+00
0.000000000000000000e+00
2.805139999999999856e-01
0.000000000000000000e+00
-1.163919999999999955e-01
0.000000000000000000e+00
0.000000000000000000e+00
0.000000000000000000e+00
0.000000000000000000e+00
0.000000000000000000e+00
-4.368580000000000241e-01
0.000000000000000000e+00
-1.370439999999999992e-01
0.000000000000000000e+00
0.000000000000000000e+00
-1.780220000000000136e-01
0.000000000000000000e+00
0.000000000000000000e+00
0.000000000000000000e+00
-4.851469999999999949e-01
-5.498100000000000209e-02
-9.424460000000000059e-01
0.000000000000000000e+00
0.000000000000000000e+00
-2.888260000000000133e-02
0.000000000000000000e+00
0.000000000000000000e+00
-8.267679999999999474e-02
0.000000000000000000e+00
0.000000000000000000e+00
0.000000000000000000e+00
0.000000000000000000e+00
0.000000000000000000e+00
0.000000000000000000e+00
0.000000000000000000e+00
0.000000000000000000e+00
0.000000000000000000e+00
0.000000000000000000e+00
-2.223299999999999998e-01
-3.563910000000000133e-01
0.000000000000000000e+00
0.000000000000000000e+00
0.000000000000000000e+00
0.000000000000000000e+00
0.000000000000000000e+00
0.000000000000000000e+00
0.000000000000000000e+00
0.000000000000000000e+00
0.000000000000000000e+00
0.000000000000000000e+00
0.000000000000000000e+00
0.000000000000000000e+00
0.000000000000000000e+00
0.000000000000000000e+00
0.000000000000000000e+00
0.000000000000000000e+00
0.000000000000000000e+00
0.000000000000000000e+00
0.000000000000000000e+00
0.000000000000000000e+00
0.000000000000000000e+00
0.000000000000000000e+00
-4.223230000000000040e-02
-5.514129999999999726e-02
0.000000000000000000e+00
0.000000000000000000e+00
0.000000000000000000e+00
0.000000000000000000e+00
0.000000000000000000e+00
0.000000000000000000e+00
-2.269960000000000033e-01
0.000000000000000000e+00
0.000000000000000000e+00
0.000000000000000000e+00
0.000000000000000000e+00
0.000000000000000000e+00
0.000000000000000000e+00
0.000000000000000000e+00
0.000000000000000000e+00
0.000000000000000000e+00
0.000000000000000000e+00
0.000000000000000000e+00
0.000000000000000000e+00
1.451460000000000077e-02
0.000000000000000000e+00
0.000000000000000000e+00
0.000000000000000000e+00
-1.414660000000000084e-01
-3.367670000000000125e-03
0.000000000000000000e+00
-4.975950000000000095e-01
-8.768610000000000015e-01
0.000000000000000000e+00
-7.028619999999999313e-02
-8.137250000000000039e-02
-5.563509999999999983e-02
0.000000000000000000e+00
0.000000000000000000e+00
0.000000000000000000e+00
0.000000000000000000e+00
0.000000000000000000e+00
-6.980530000000000346e-01
-2.834860000000000158e-01
0.000000000000000000e+00
0.000000000000000000e+00
0.000000000000000000e+00
0.000000000000000000e+00
0.000000000000000000e+00
-2.363429999999999975e-01
-8.422960000000000169e-02
0.000000000000000000e+00
0.000000000000000000e+00
0.000000000000000000e+00
0.000000000000000000e+00
0.000000000000000000e+00
0.000000000000000000e+00
0.000000000000000000e+00
-5.430619999999999892e-02
0.000000000000000000e+00
0.000000000000000000e+00
0.000000000000000000e+00
-1.516240000000000088e-01
0.000000000000000000e+00
0.000000000000000000e+00
0.000000000000000000e+00
-1.425640000000000018e+00
0.000000000000000000e+00
0.000000000000000000e+00
0.000000000000000000e+00
0.000000000000000000e+00
-1.093179999999999985e-01
0.000000000000000000e+00
0.000000000000000000e+00
0.000000000000000000e+00
0.000000000000000000e+00
-1.145840000000000053e-01
-4.894950000000000134e-01
-5.341740000000000377e-01
0.000000000000000000e+00
-5.430370000000000336e-02
0.000000000000000000e+00
0.000000000000000000e+00
0.000000000000000000e+00
-1.559899999999999898e-01
0.000000000000000000e+00
-4.262119999999999798e-02
0.000000000000000000e+00
0.000000000000000000e+00
0.000000000000000000e+00
5.711079999999999490e-01
0.000000000000000000e+00
0.000000000000000000e+00
0.000000000000000000e+00
0.000000000000000000e+00
0.000000000000000000e+00
0.000000000000000000e+00
2.483499999999999874e-01
0.000000000000000000e+00
0.000000000000000000e+00
0.000000000000000000e+00
2.569969999999999755e-01
0.000000000000000000e+00
0.000000000000000000e+00
-1.444950000000000123e-01
-5.846049999999999858e-02
0.000000000000000000e+00
-3.179750000000000076e-01
0.000000000000000000e+00
0.000000000000000000e+00
0.000000000000000000e+00
0.000000000000000000e+00
0.000000000000000000e+00
0.000000000000000000e+00
0.000000000000000000e+00
0.000000000000000000e+00
0.000000000000000000e+00
0.000000000000000000e+00
0.000000000000000000e+00
0.000000000000000000e+00
0.000000000000000000e+00
0.000000000000000000e+00
0.000000000000000000e+00
-1.644740000000000091e-01
