1.162979999999999903e+00
-6.881919999999999704e-03
0.000000000000000000e+00
7.976600000000000357e-01
0.000000000000000000e+00
0.000000000000000000e+00
0.000000000000000000e+00
0.000000000000000000e+00
-6.324560000000000182e-01
0.000000000000000000e+00
0.000000000000000000e+00
0.000000000000000000e+00
6.737710000000000088e-01
0.000000000000000000e+00
0.000000000000000000e+00
0.000000000000000000e+00
1.024410000000000043e+00
0.000000000000000000e+00
-6.609289999999999887e-01
0.000000000000000000e+00
0.000000000000000000e+00
0.000000000000000000e+00
0.000000000000000000e+00
-5.573479999999999546e-01
0.000000000000000000e+00
-3.200580000000000092e-01
-1.242439999999999933e-01
0.000000000000000000e+00
0.000000000000000000e+00
0.000000000000000000e+00
0.000000000000000000e+00
-4.160280000000000089e-01
1.130349999999999966e-01
1.163350000000000106e+00
0.000000000000000000e+00
0.000000000000000000e+00
0.000000000000000000e+00
0.000000000000000000e+00
1.397210000000000063e+00
0.000000000000000000e+00
0.000000000000000000e+00
0.000000000000000000e+00
0.000000000000000000e+00
0.000000000000000000e+00
1.746979999999999977e+00
0.000000000000000000e+00
0.000000000000000000e+00
0.000000000000000000e+00
0.000000000000000000e+00
0.000000000000000000e+00
0.000000000000000000e+00
0.000000000000000000e+00
-2.476810000000000123e-01
0.000000000000000000e+00
1.109760000000000080e+00
-9.362580000000000555e-03
0.000000000000000000e+00
0.000000000000000000e+00
0.000000000000000000e+00
0.000000000000000000e+00
0.000000000000000000e+00
0.000000000000000000e+00
0.000000000000000000e+00
0.000000000000000000e+00
0.000000000000000000e+00
0.000000000000000000e+00
0.000000000000000000e+00
0.000000000000000000e+00
1.350749999999999895e+00
0.000000000000000000e+00
0.000000000000000000e+00
0.000000000000000000e+00
0.000000000000000000e+00
0.000000000000000000e+00
8.643879999999999619e-02
0.000000000000000000e+00
3.348690000000000000e-02
7.197570000000000356e-02
0.000000000000000000e+00
0.000000000000000000e+00
-1.042280000000000012e-01
0.000000000000000000e+00
0.000000000000000000e+00
0.000000000000000000e+00
4.738069999999999782e-01
0.000000000000000000e+00
0.000000000000000000e+00
0.000000000000000000e+00
0.000000000000000000e+00
0.000000000000000000e+00
0.000000000000000000e+00
0.000000000000000000e+00
0.000000000000000000e+00
0.000000000000000000e+00
0.000000000000000000e+00
0.000000000000000000e+00
0.000000000000000000e+00
0.000000000000000000e+00
0.000000000000000000e+00
0.000000000000000000e+00
8.861249999999999682e-02
0.000000000000000000e+00
0.000000000000000000e+00
0.000000000000000000e+00
0.000000000000000000e+00
-1.480970000000000064e-01
0.000000000000000000e+00
1.978699999999999903e-01
0.000000000000000000e+00
0.000000000000000000e+00
0.000000000000000000e+00
0.000000000000000000e+00
0.000000000000000000e+00
0.000000000000000000e+00
2.496899999999999953e-01
0.000000000000000000e+00
0.000000000000000000e+00
0.000000000000000000e+00
0.000000000000000000e+00
0.000000000000000000e+00
0.000000000000000000e+00
0.000000000000000000e+00
0.000000000000000000e+00
4.160280000000000089e-01
0.000000000000000000e+00
0.000000000000000000e+00
0.000000000000000000e+00
0.000000000000000000e+00
0.000000000000000000e+00
0.000000000000000000e+00
0.000000000000000000e+00
0.000000000000000000e+00
0.000000000000000000e+00
0.000000000000000000e+00
-8.054119999999999335e-02
0.000000000000000000e+00
0.000000000000000000e+00
0.000000000000000000e+00
2.131979999999999986e-01
0.000000000000000000e+00
0.000000000000000000e+00
0.000000000000000000e+00
0.000000000000000000e+00
0.000000000000000000e+00
0.000000000000000000e+00
0.000000000000000000e+00
0.000000000000000000e+00
0.000000000000000000e+00
0.000000000000000000e+00
0.000000000000000000e+00
0.000000000000000000e+00
0.000000000000000000e+00
-9.259220000000000228e-01
5.489270000000000538e-01
0.000000000000000000e+00
0.000000000000000000e+00
0.000000000000000000e+00
0.000000000000000000e+00
0.000000000000000000e+00
-5.843280000000000002e-02
-5.389150000000000190e-02
0.000000000000000000e+00
0.000000000000000000e+00
0.000000000000000000e+00
1.652239999999999931e+00
0.000000000000000000e+00
0.000000000000000000e+00
0.000000000000000000e+00
0.000000000000000000e+00
0.000000000000000000e+00
0.000000000000000000e+00
0.000000000000000000e+00
0.000000000000000000e+00
0.000000000000000000e+00
0.000000000000000000e+00
0.000000000000000000e+00
0.000000000000000000e+00
0.000000000000000000e+00
0.000000000000000000e+00
8.079429999999999668e-01
0.000000000000000000e+00
0.000000000000000000e+00
0.000000000000000000e+00
0.000000000000000000e+00
0.000000000000000000e+00
0.000000000000000000e+00
0.000000000000000000e+00
0.000000000000000000e+00
0.000000000000000000e+00
0.000000000000000000e+00
0.000000000000000000e+00
0.000000000000000000e+00
-8.646629999999999594e-01
3.062849999999999739e-01
0.000000000000000000e+00
-3.743079999999999741e-01
0.000000000000000000e+00
0.000000000000000000e+00
0.000000000000000000e+00
0.000000000000000000e+00
0.000000000000000000e+00
0.000000000000000000e+00
0.000000000000000000e+00
0.000000000000000000e+00
0.000000000000000000e+00
0.000000000000000000e+00
0.000000000000000000e+00
0.000000000000000000e+00
-1.935840000000000061e-01
0.000000000000000000e+00
0.000000000000000000e+00
0.000000000000000000e+00
0.000000000000000000e+00
0.000000000000000000e+00
0.000000000000000000e+00
0.000000000000000000e+00
0.000000000000000000e+00
0.000000000000000000e+00
0.000000000000000000e+00
0.000000000000000000e+00
0.000000000000000000e+00
5.830489999999999978e-02
0.000000000000000000e+00
0.000000000000000000e+00
0.000000000000000000e+00
0.000000000000000000e+00
0.000000000000000000e+00
7.327909999999999702e-01
0.000000000000000000e+00
0.000000000000000000e+00
0.000000000000000000e+00
0.000000000000000000e+00
-3.985699999999999799e-01
0.000000000000000000e+00
3.890409999999999702e-02
0.000000000000000000e+00
0.000000000000000000e+00
0.000000000000000000e+00
1.671880000000000033e+00
0.000000000000000000e+00
0.000000000000000000e+00
0.000000000000000000e+00
0.000000000000000000e+00
0.000000000000000000e+00
0.000000000000000000e+00
1.249610000000000110e+00
0.000000000000000000e+00
0.000000000000000000e+00
0.000000000000000000e+00
0.000000000000000000e+00
0.000000000000000000e+00
-1.799999999999999933e-01
0.000000000000000000e+00
0.000000000000000000e+00
-1.028510000000000035e+00
0.000000000000000000e+00
-2.866850000000000214e-03
0.000000000000000000e+00
0.000000000000000000e+00
0.000000000000000000e+00
0.000000000000000000e+00
0.000000000000000000e+00
0.000000000000000000e+00
0.000000000000000000e+00
0.000000000000000000e+00
-2.240790000000000004e-01
0.000000000000000000e+00
0.000000000000000000e+00
3.300509999999999833e-01
0.000000000000000000e+00
0.000000000000000000e+00
0.000000000000000000e+00
0.000000000000000000e+00
0.000000000000000000e+00
0.000000000000000000e+00
0.000000000000000000e+00
-2.241380000000000039e-01
0.000000000000000000e+00
-5.647139999999999799e-02
0.000000000000000000e+00
-4.058060000000000000e-01
0.000000000000000000e+00
4.290959999999999774e-01
0.000000000000000000e+00
0.000000000000000000e+00
7.673579999999999846e-01
0.000000000000000000e+00
0.000000000000000000e+00
0.000000000000000000e+00
0.000000000000000000e+00
-3.033660000000000245e-01
5.641789999999999861e-01
0.000000000000000000e+00
0.000000000000000000e+00
0.000000000000000000e+00
0.000000000000000000e+00
0.000000000000000000e+00
0.000000000000000000e+00
0.000000000000000000e+00
-3.421609999999999929e-01
0.000000000000000000e+00
0.000000000000000000e+00
0.000000000000000000e+00
0.000000000000000000e+00
0.000000000000000000e+00
1.244480000000000031e+00
0.000000000000000000e+00
0.000000000000000000e+00
3.470940000000000136e-01
0.000000000000000000e+00
3.040599999999999969e-01
0.000000000000000000e+00
0.000000000000000000e+00
0.000000000000000000e+00
0.000000000000000000e+00
0.000000000000000000e+00
0.000000000000000000e+00
0.000000000000000000e+00
0.000000000000000000e+00
0.000000000000000000e+00
0.000000000000000000e+00
0.000000000000000000e+00
0.000000000000000000e+00
0.000000000000000000e+00
0.000000000000000000e+00
0.000000000000000000e+00
0.000000000000000000e+00
0.000000000000000000e+00
-2.402850000000000125e-02
0.000000000000000000e+00
0.000000000000000000e+00
0.000000000000000000e+00
0.000000000000000000e+00
0.000000000000000000e+00
0.000000000000000000e+00
-2.671490000000000253e-01
0.000000000000000000e+00
0.000000000000000000e+00
0.000000000000000000e+00
4.131360000000000032e-01
1.334089999999999998e+00
0.000000000000000000e+00
0.000000000000000000e+00
0.000000000000000000e+00
0.000000000000000000e+00
0.000000000000000000e+00
-3.901439999999999908e-01
0.000000000000000000e+00
0.000000000000000000e+00
0.000000000000000000e+00
0.000000000000000000e+00
0.000000000000000000e+00
0.000000000000000000e+00
0.000000000000000000e+00
0.000000000000000000e+00
0.000000000000000000e+00
0.000000000000000000e+00
0.000000000000000000e+00
0.000000000000000000e+00
0.000000000000000000e+00
-9.109110000000000262e-01
0.000000000000000000e+00
0.000000000000000000e+00
0.000000000000000000e+00
0.000000000000000000e+00
0.000000000000000000e+00
0.000000000000000000e+00
0.000000000000000000e+00
0.000000000000000000e+00
0.000000000000000000e+00
0.000000000000000000e+00
0.000000000000000000e+00
0.000000000000000000e+00
0.000000000000000000e+00
0.000000000000000000e+00
0.000000000000000000e+00
0.000000000000000000e+00
0.000000000000000000e+00
0.000000000000000000e+00
0.000000000000000000e+00
0.000000000000000000e+00
0.000000000000000000e+00
0.000000000000000000e+00
0.000000000000000000e+00
0.000000000000000000e+00
0.000000000000000000e+00
0.000000000000000000e+00
0.000000000000000000e+00
0.000000000000000000e+00
0.000000000000000000e+00
0.000000000000000000e+00
0.000000000000000000e+00
1.250709999999999877e-01
0.000000000000000000e+00
0.000000000000000000e+00
4.038539999999999908e-01
-2.148680000000000034e-01
0.000000000000000000e+00
5.955570000000000030e-01
0.000000000000000000e+00
0.000000000000000000e+00
0.000000000000000000e+00
0.000000000000000000e+00
0.000000000000000000e+00
1.942749999999999977e+00
0.000000000000000000e+00
4.347869999999999790e-01
-1.097309999999999952e-02
3.645269999999999899e-01
1.212930000000000064e+00
0.000000000000000000e+00
1.900769999999999960e-01
0.000000000000000000e+00
0.000000000000000000e+00
1.453490000000000060e-01
1.593750000000000000e+00
0.000000000000000000e+00
0.000000000000000000e+00
6.659129999999999772e-01
0.000000000000000000e+00
0.000000000000000000e+00
0.000000000000000000e+00
0.000000000000000000e+00
0.000000000000000000e+00
0.000000000000000000e+00
0.000000000000000000e+00
6.032950000000000257e-01
0.000000000000000000e+00
0.000000000000000000e+00
0.000000000000000000e+00
0.000000000000000000e+00
0.000000000000000000e+00
0.000000000000000000e+00
0.000000000000000000e+00
0.000000000000000000e+00
6.690069999999999351e-02
7.330750000000000322e-01
0.000000000000000000e+00
7.944280000000000230e-01
0.000000000000000000e+00
-1.250709999999999877e-01
-6.155479999999999979e-02
3.505130000000000190e-01
6.623440000000000438e-01
0.000000000000000000e+00
0.000000000000000000e+00
0.000000000000000000e+00
0.000000000000000000e+00
9.028530000000000166e-01
0.000000000000000000e+00
1.324629999999999974e+00
0.000000000000000000e+00
0.000000000000000000e+00
0.000000000000000000e+00
0.000000000000000000e+00
0.000000000000000000e+00
1.468380000000000019e+00
0.000000000000000000e+00
7.101469999999999727e-01
1.030359999999999943e+00
3.652029999999999998e-01
0.000000000000000000e+00
0.000000000000000000e+00
0.000000000000000000e+00
0.000000000000000000e+00
0.000000000000000000e+00
0.000000000000000000e+00
5.944469999999999477e-01
1.842440000000000078e+00
8.457590000000000385e-01
0.000000000000000000e+00
0.000000000000000000e+00
0.000000000000000000e+00
0.000000000000000000e+00
1.536250000000000115e-01
0.000000000000000000e+00
0.000000000000000000e+00
0.000000000000000000e+00
0.000000000000000000e+00
0.000000000000000000e+00
0.000000000000000000e+00
0.000000000000000000e+00
0.000000000000000000e+00
0.000000000000000000e+00
0.000000000000000000e+00
0.000000000000000000e+00
0.000000000000000000e+00
0.000000000000000000e+00
0.000000000000000000e+00
0.000000000000000000e+00
0.000000000000000000e+00
0.000000000000000000e+00
1.196269999999999945e+00
1.278469999999999884e-01
0.000000000000000000e+00
0.000000000000000000e+00
0.000000000000000000e+00
0.000000000000000000e+00
0.000000000000000000e+00
0.000000000000000000e+00
0.000000000000000000e+00
4.943690000000000029e-01
3.116590000000000193e-01
2.477189999999999948e-01
0.000000000000000000e+00
1.331069999999999975e+00
7.001659999999999551e-01
0.000000000000000000e+00
0.000000000000000000e+00
0.000000000000000000e+00
0.000000000000000000e+00
3.777570000000000233e-02
0.000000000000000000e+00
4.729110000000000258e-01
0.000000000000000000e+00
0.000000000000000000e+00
0.000000000000000000e+00
0.000000000000000000e+00
0.000000000000000000e+00
0.000000000000000000e+00
0.000000000000000000e+00
0.000000000000000000e+00
0.000000000000000000e+00
0.000000000000000000e+00
5.418579999999999508e-01
4.826070000000000082e-01
6.643899999999999806e-02
4.648769999999999847e-01
0.000000000000000000e+00
0.000000000000000000e+00
4.379899999999999904e-01
0.000000000000000000e+00
1.324189999999999978e+00
0.000000000000000000e+00
0.000000000000000000e+00
7.713330000000000464e-01
0.000000000000000000e+00
1.820060000000000011e-01
0.000000000000000000e+00
7.293110000000000426e-01
0.000000000000000000e+00
1.374750000000000139e-01
3.145470000000000210e-01
7.211480000000000112e-01
1.123059999999999947e+00
4.610750000000000126e-01
0.000000000000000000e+00
0.000000000000000000e+00
0.000000000000000000e+00
0.000000000000000000e+00
2.485259999999999986e-03
1.254769999999999941e+00
0.000000000000000000e+00
0.000000000000000000e+00
8.235820000000000363e-01
0.000000000000000000e+00
0.000000000000000000e+00
0.000000000000000000e+00
-9.537070000000000269e-02
0.000000000000000000e+00
0.000000000000000000e+00
0.000000000000000000e+00
0.000000000000000000e+00
7.792010000000000325e-01
0.000000000000000000e+00
0.000000000000000000e+00
0.000000000000000000e+00
0.000000000000000000e+00
-4.760679999999999773e-02
5.699180000000000218e-02
2.117969999999999922e-02
3.192559999999999842e-01
1.179790000000000005e-01
4.316349999999999909e-01
1.250709999999999877e-01
0.000000000000000000e+00
5.603150000000000075e-01
0.000000000000000000e+00
0.000000000000000000e+00
3.793199999999999905e-01
0.000000000000000000e+00
0.000000000000000000e+00
0.000000000000000000e+00
0.000000000000000000e+00
0.000000000000000000e+00
0.000000000000000000e+00
0.000000000000000000e+00
0.000000000000000000e+00
0.000000000000000000e+00
0.000000000000000000e+00
0.000000000000000000e+00
0.000000000000000000e+00
0.000000000000000000e+00
0.000000000000000000e+00
0.000000000000000000e+00
0.000000000000000000e+00
0.000000000000000000e+00
0.000000000000000000e+00
0.000000000000000000e+00
0.000000000000000000e+00
-3.112550000000000039e-01
0.000000000000000000e+00
-3.955989999999999784e-01
2.870079999999999854e-02
8.004520000000000524e-01
0.000000000000000000e+00
0.000000000000000000e+00
-1.619790000000000119e-01
0.000000000000000000e+00
-1.208329999999999960e-01
0.000000000000000000e+00
0.000000000000000000e+00
0.000000000000000000e+00
0.000000000000000000e+00
0.000000000000000000e+00
0.000000000000000000e+00
0.000000000000000000e+00
3.043980000000000019e-01
0.000000000000000000e+00
0.000000000000000000e+00
0.000000000000000000e+00
0.000000000000000000e+00
0.000000000000000000e+00
-3.085519999999999929e-01
0.000000000000000000e+00
0.000000000000000000e+00
3.040309999999999957e-01
4.667069999999999830e-01
0.000000000000000000e+00
0.000000000000000000e+00
0.000000000000000000e+00
0.000000000000000000e+00
0.000000000000000000e+00
0.000000000000000000e+00
0.000000000000000000e+00
1.001610000000000000e-01
0.000000000000000000e+00
0.000000000000000000e+00
0.000000000000000000e+00
0.000000000000000000e+00
0.000000000000000000e+00
0.000000000000000000e+00
0.000000000000000000e+00
0.000000000000000000e+00
2.308870000000000020e-02
0.000000000000000000e+00
0.000000000000000000e+00
-3.181220000000000159e-01
0.000000000000000000e+00
3.589010000000000256e-01
0.000000000000000000e+00
0.000000000000000000e+00
0.000000000000000000e+00
0.000000000000000000e+00
0.000000000000000000e+00
0.000000000000000000e+00
-3.308339999999999892e-02
0.000000000000000000e+00
0.000000000000000000e+00
0.000000000000000000e+00
0.000000000000000000e+00
1.154459999999999931e-01
0.000000000000000000e+00
0.000000000000000000e+00
0.000000000000000000e+00
0.000000000000000000e+00
-1.002109999999999945e-01
0.000000000000000000e+00
0.000000000000000000e+00
-7.049849999999999728e-01
0.000000000000000000e+00
-3.192559999999999842e-01
0.000000000000000000e+00
-1.419249999999999956e-01
-5.646430000000000060e-01
0.000000000000000000e+00
-4.406440000000000183e-03
2.313530000000000031e-01
0.000000000000000000e+00
0.000000000000000000e+00
0.000000000000000000e+00
1.392740000000000089e+00
0.000000000000000000e+00
0.000000000000000000e+00
0.000000000000000000e+00
0.000000000000000000e+00
0.000000000000000000e+00
3.780299999999999772e-01
9.854960000000000109e-02
0.000000000000000000e+00
8.452610000000000401e-01
0.000000000000000000e+00
0.000000000000000000e+00
0.000000000000000000e+00
0.000000000000000000e+00
9.795819999999999528e-01
0.000000000000000000e+00
0.000000000000000000e+00
0.000000000000000000e+00
0.000000000000000000e+00
0.000000000000000000e+00
-1.041740000000000110e+00
0.000000000000000000e+00
-2.126290000000000124e-01
-2.866239999999999899e-01
0.000000000000000000e+00
0.000000000000000000e+00
0.000000000000000000e+00
0.000000000000000000e+00
0.000000000000000000e+00
0.000000000000000000e+00
0.000000000000000000e+00
0.000000000000000000e+00
0.000000000000000000e+00
0.000000000000000000e+00
9.888299999999999867e-02
2.395829999999999904e-01
0.000000000000000000e+00
0.000000000000000000e+00
0.000000000000000000e+00
0.000000000000000000e+00
0.000000000000000000e+00
0.000000000000000000e+00
0.000000000000000000e+00
2.828240000000000198e-01
0.000000000000000000e+00
0.000000000000000000e+00
0.000000000000000000e+00
-9.769419999999999771e-01
0.000000000000000000e+00
0.000000000000000000e+00
0.000000000000000000e+00
8.932860000000000245e-01
0.000000000000000000e+00
0.000000000000000000e+00
0.000000000000000000e+00
0.000000000000000000e+00
0.000000000000000000e+00
0.000000000000000000e+00
-2.345170000000000032e-01
0.000000000000000000e+00
0.000000000000000000e+00
0.000000000000000000e+00
-5.338030000000000275e-01
0.000000000000000000e+00
0.000000000000000000e+00
0.000000000000000000e+00
0.000000000000000000e+00
0.000000000000000000e+00
-1.906640000000000001e-01
-1.125629999999999908e+00
0.000000000000000000e+00
0.000000000000000000e+00
0.000000000000000000e+00
0.000000000000000000e+00
-1.259429999999999994e-01
0.000000000000000000e+00
0.000000000000000000e+00
0.000000000000000000e+00
0.000000000000000000e+00
4.222629999999999995e-01
-2.686529999999999752e-01
0.000000000000000000e+00
0.000000000000000000e+00
0.000000000000000000e+00
0.000000000000000000e+00
0.000000000000000000e+00
0.000000000000000000e+00
0.000000000000000000e+00
0.000000000000000000e+00
0.000000000000000000e+00
0.000000000000000000e+00
-8.387390000000000123e-02
0.000000000000000000e+00
0.000000000000000000e+00
0.000000000000000000e+00
0.000000000000000000e+00
0.000000000000000000e+00
0.000000000000000000e+00
0.000000000000000000e+00
-5.027260000000000062e-01
0.000000000000000000e+00
0.000000000000000000e+00
0.000000000000000000e+00
-1.261099999999999999e-01
8.611960000000000448e-02
0.000000000000000000e+00
0.000000000000000000e+00
0.000000000000000000e+00
-2.245730000000000035e-03
0.000000000000000000e+00
0.000000000000000000e+00
-2.965630000000000002e-02
0.000000000000000000e+00
0.000000000000000000e+00
1.779530000000000001e-01
0.000000000000000000e+00
0.000000000000000000e+00
0.000000000000000000e+00
0.000000000000000000e+00
0.000000000000000000e+00
0.000000000000000000e+00
0.000000000000000000e+00
-1.237440000000000095e+00
-5.272390000000000132e-01
0.000000000000000000e+00
0.000000000000000000e+00
0.000000000000000000e+00
0.000000000000000000e+00
0.000000000000000000e+00
0.000000000000000000e+00
0.000000000000000000e+00
-1.564029999999999865e-01
-1.424789999999999945e-01
0.000000000000000000e+00
0.000000000000000000e+00
0.000000000000000000e+00
6.139900000000000357e-01
0.000000000000000000e+00
0.000000000000000000e+00
0.000000000000000000e+00
0.000000000000000000e+00
0.000000000000000000e+00
-8.230379999999999641e-02
0.000000000000000000e+00
0.000000000000000000e+00
0.000000000000000000e+00
0.000000000000000000e+00
0.000000000000000000e+00
-8.951590000000000380e-01
-2.187739999999999962e-01
-5.322489999999999721e-01
0.000000000000000000e+00
0.000000000000000000e+00
0.000000000000000000e+00
0.000000000000000000e+00
0.000000000000000000e+00
0.000000000000000000e+00
0.000000000000000000e+00
0.000000000000000000e+00
0.000000000000000000e+00
0.000000000000000000e+00
0.000000000000000000e+00
0.000000000000000000e+00
0.000000000000000000e+00
-8.859590000000000520e-01
0.000000000000000000e+00
0.000000000000000000e+00
2.066469999999999974e-01
-1.975570000000000104e-01
-2.792350000000000110e-01
0.000000000000000000e+00
0.000000000000000000e+00
0.000000000000000000e+00
0.000000000000000000e+00
0.000000000000000000e+00
0.000000000000000000e+00
0.000000000000000000e+00
0.000000000000000000e+00
0.000000000000000000e+00
0.000000000000000000e+00
0.000000000000000000e+00
0.000000000000000000e+00
0.000000000000000000e+00
0.000000000000000000e+00
0.000000000000000000e+00
0.000000000000000000e+00
0.000000000000000000e+00
0.000000000000000000e+00
0.000000000000000000e+00
0.000000000000000000e+00
0.000000000000000000e+00
-4.920849999999999946e-01
-3.583629999999999871e-01
0.000000000000000000e+00
-2.732550000000000257e-01
-5.433299999999999796e-01
0.000000000000000000e+00
0.000000000000000000e+00
-7.535719999999999918e-02
0.000000000000000000e+00
0.000000000000000000e+00
0.000000000000000000e+00
0.000000000000000000e+00
0.000000000000000000e+00
0.000000000000000000e+00
-5.447959999999999955e-03
0.000000000000000000e+00
0.000000000000000000e+00
0.000000000000000000e+00
-4.691319999999999935e-01
-4.027839999999999754e-01
0.000000000000000000e+00
-2.453219999999999880e-03
0.000000000000000000e+00
0.000000000000000000e+00
0.000000000000000000e+00
0.000000000000000000e+00
0.000000000000000000e+00
0.000000000000000000e+00
-5.240989999999999815e-01
0.000000000000000000e+00
-1.733999999999999986e+00
0.000000000000000000e+00
0.000000000000000000e+00
0.000000000000000000e+00
0.000000000000000000e+00
0.000000000000000000e+00
0.000000000000000000e+00
-1.214329999999999993e-01
0.000000000000000000e+00
0.000000000000000000e+00
-7.725239999999999885e-01
0.000000000000000000e+00
0.000000000000000000e+00
-2.488869999999999971e-01
0.000000000000000000e+00
0.000000000000000000e+00
0.000000000000000000e+00
0.000000000000000000e+00
0.000000000000000000e+00
0.000000000000000000e+00
0.000000000000000000e+00
0.000000000000000000e+00
2.267280000000000129e-01
0.000000000000000000e+00
-1.686340000000000061e-02
0.000000000000000000e+00
0.000000000000000000e+00
0.000000000000000000e+00
0.000000000000000000e+00
0.000000000000000000e+00
0.000000000000000000e+00
0.000000000000000000e+00
0.000000000000000000e+00
0.000000000000000000e+00
0.000000000000000000e+00
0.000000000000000000e+00
0.000000000000000000e+00
0.000000000000000000e+00
-3.417720000000000202e-01
0.000000000000000000e+00
-3.981029999999999847e-01
-1.123259999999999925e+00
0.000000000000000000e+00
-4.531439999999999912e-01
0.000000000000000000e+00
0.000000000000000000e+00
-8.084890000000000132e-01
-1.443650000000000100e+00
0.000000000000000000e+00
-5.646510000000000140e-01
0.000000000000000000e+00
0.000000000000000000e+00
0.000000000000000000e+00
-1.598929999999999962e+00
0.000000000000000000e+00
2.344600000000000017e-01
-1.113429999999999975e-01
-2.173650000000000027e-01
0.000000000000000000e+00
0.000000000000000000e+00
0.000000000000000000e+00
0.000000000000000000e+00
0.000000000000000000e+00
0.000000000000000000e+00
0.000000000000000000e+00
-2.529589999999999894e-01
