-1.655890000000000084e+00
-3.924919999999999798e-02
-8.426449999999999774e-01
0.000000000000000000e+00
1.082510000000000083e+00
1.517949999999999910e+00
0.000000000000000000e+00
-5.198359999999999648e-01
-7.486890000000000489e-01
0.000000000000000000e+00
0.000000000000000000e+00
1.089869999999999894e+00
-4.421149999999999802e-01
0.000000000000000000e+00
-4.434279999999999645e-03
0.000000000000000000e+00
2.283780000000000143e+00
0.000000000000000000e+00
-6.717189999999999550e-01
0.000000000000000000e+00
0.000000000000000000e+00
0.000000000000000000e+00
-4.457889999999999769e-02
0.000000000000000000e+00
0.000000000000000000e+00
-1.079169999999999990e-01
2.829499999999999793e-01
0.000000000000000000e+00
0.000000000000000000e+00
1.837839999999999918e+00
0.000000000000000000e+00
-8.049129999999999896e-01
-1.054580000000000073e+00
9.797730000000000050e-01
3.689540000000000181e-02
0.000000000000000000e+00
0.000000000000000000e+00
0.000000000000000000e+00
0.000000000000000000e+00
0.000000000000000000e+00
0.000000000000000000e+00
0.000000000000000000e+00
0.000000000000000000e+00
-7.677540000000000475e-01
0.000000000000000000e+00
0.000000000000000000e+00
0.000000000000000000e+00
6.538770000000000415e-01
0.000000000000000000e+00
-3.656070000000000153e-02
1.479789999999999994e-01
0.000000000000000000e+00
-6.731230000000000269e-01
0.000000000000000000e+00
1.030980000000000008e+00
2.830389999999999850e-01
0.000000000000000000e+00
0.000000000000000000e+00
0.000000000000000000e+00
0.000000000000000000e+00
0.000000000000000000e+00
0.000000000000000000e+00
0.000000000000000000e+00
-1.776499999999999968e+00
0.000000000000000000e+00
-5.446819999999999995e-01
0.000000000000000000e+00
-2.424169999999999936e-01
0.000000000000000000e+00
0.000000000000000000e+00
0.000000000000000000e+00
0.000000000000000000e+00
1.204630000000000090e+00
-1.115150000000000086e+00
1.048240000000000061e+00
0.000000000000000000e+00
0.000000000000000000e+00
0.000000000000000000e+00
0.000000000000000000e+00
0.000000000000000000e+00
-3.303860000000000130e-01
-2.460910000000000042e-01
0.000000000000000000e+00
0.000000000000000000e+00
0.000000000000000000e+00
0.000000000000000000e+00
-1.387489999999999890e+00
0.000000000000000000e+00
0.000000000000000000e+00
0.000000000000000000e+00
0.000000000000000000e+00
0.000000000000000000e+00
0.000000000000000000e+00
0.000000000000000000e+00
0.000000000000000000e+00
0.000000000000000000e+00
0.000000000000000000e+00
0.000000000000000000e+00
0.000000000000000000e+00
-1.197789999999999910e+00
0.000000000000000000e+00
0.000000000000000000e+00
0.000000000000000000e+00
0.000000000000000000e+00
0.000000000000000000e+00
-1.349369999999999958e+00
0.000000000000000000e+00
0.000000000000000000e+00
0.000000000000000000e+00
0.000000000000000000e+00
0.000000000000000000e+00
0.000000000000000000e+00
0.000000000000000000e+00
0.000000000000000000e+00
-8.540210000000000301e-01
0.000000000000000000e+00
0.000000000000000000e+00
0.000000000000000000e+00
0.000000000000000000e+00
0.000000000000000000e+00
0.000000000000000000e+00
-2.607180000000000053e-01
-1.525400000000000089e+00
0.000000000000000000e+00
0.000000000000000000e+00
0.000000000000000000e+00
0.000000000000000000e+00
-1.509699999999999931e-01
0.000000000000000000e+00
0.000000000000000000e+00
0.000000000000000000e+00
0.000000000000000000e+00
0.000000000000000000e+00
0.000000000000000000e+00
-2.455930000000000057e-01
-1.169510000000000050e+00
0.000000000000000000e+00
0.000000000000000000e+00
6.819709999999999939e-01
0.000000000000000000e+00
-3.201470000000000149e-01
0.000000000000000000e+00
0.000000000000000000e+00
0.000000000000000000e+00
0.000000000000000000e+00
0.000000000000000000e+00
0.000000000000000000e+00
0.000000000000000000e+00
0.000000000000000000e+00
0.000000000000000000e+00
0.000000000000000000e+00
-8.881550000000000278e-01
9.776990000000000680e-02
0.000000000000000000e+00
-2.212639999999999885e-01
-1.389539999999999997e+00
-2.434779999999999944e+00
1.037949999999999928e+00
0.000000000000000000e+00
-9.960050000000000292e-01
5.210390000000000299e-01
0.000000000000000000e+00
0.000000000000000000e+00
2.250869999999999926e+00
3.237050000000000205e-01
0.000000000000000000e+00
0.000000000000000000e+00
0.000000000000000000e+00
0.000000000000000000e+00
0.000000000000000000e+00
0.000000000000000000e+00
0.000000000000000000e+00
0.000000000000000000e+00
0.000000000000000000e+00
0.000000000000000000e+00
0.000000000000000000e+00
0.000000000000000000e+00
0.000000000000000000e+00
0.000000000000000000e+00
0.000000000000000000e+00
0.000000000000000000e+00
0.000000000000000000e+00
0.000000000000000000e+00
0.000000000000000000e+00
0.000000000000000000e+00
0.000000000000000000e+00
0.000000000000000000e+00
0.000000000000000000e+00
0.000000000000000000e+00
0.000000000000000000e+00
9.248070000000000457e-01
-9.262839999999999963e-01
0.000000000000000000e+00
-5.524540000000000006e-01
-9.232660000000000311e-01
1.719030000000000058e+00
-7.004599999999999715e-01
0.000000000000000000e+00
0.000000000000000000e+00
0.000000000000000000e+00
0.000000000000000000e+00
0.000000000000000000e+00
0.000000000000000000e+00
1.111269999999999980e+00
0.000000000000000000e+00
0.000000000000000000e+00
2.278430000000000177e+00
-7.909519999999999884e-01
1.267220000000000013e-01
0.000000000000000000e+00
0.000000000000000000e+00
1.933710000000000040e+00
-1.297220000000000040e-01
0.000000000000000000e+00
0.000000000000000000e+00
0.000000000000000000e+00
-5.922840000000000327e-01
0.000000000000000000e+00
0.000000000000000000e+00
0.000000000000000000e+00
-6.200130000000000224e-02
0.000000000000000000e+00
0.000000000000000000e+00
0.000000000000000000e+00
1.612519999999999953e+00
0.000000000000000000e+00
-1.628270000000000106e+00
0.000000000000000000e+00
0.000000000000000000e+00
8.235890000000000155e-01
0.000000000000000000e+00
0.000000000000000000e+00
5.153600000000000403e-01
0.000000000000000000e+00
0.000000000000000000e+00
0.000000000000000000e+00
0.000000000000000000e+00
0.000000000000000000e+00
0.000000000000000000e+00
0.000000000000000000e+00
2.780520000000000214e-01
0.000000000000000000e+00
0.000000000000000000e+00
0.000000000000000000e+00
0.000000000000000000e+00
0.000000000000000000e+00
0.000000000000000000e+00
0.000000000000000000e+00
0.000000000000000000e+00
0.000000000000000000e+00
2.490400000000000169e+00
0.000000000000000000e+00
0.000000000000000000e+00
0.000000000000000000e+00
-3.195100000000000162e-01
1.040070000000000050e+00
-2.077640000000000042e-02
4.773060000000000080e-01
-7.091979999999999951e-01
0.000000000000000000e+00
0.000000000000000000e+00
0.000000000000000000e+00
1.717049999999999965e+00
-7.175030000000000019e-01
0.000000000000000000e+00
0.000000000000000000e+00
0.000000000000000000e+00
2.559400000000000008e-01
7.060619999999999674e-01
0.000000000000000000e+00
3.809910000000000241e-01
0.000000000000000000e+00
0.000000000000000000e+00
0.000000000000000000e+00
0.000000000000000000e+00
-1.274720000000000020e-01
-1.746330000000000104e-01
0.000000000000000000e+00
-4.978920000000000012e-01
0.000000000000000000e+00
5.747919999999999696e-01
0.000000000000000000e+00
0.000000000000000000e+00
0.000000000000000000e+00
0.000000000000000000e+00
-2.169059999999999988e+00
0.000000000000000000e+00
0.000000000000000000e+00
-1.616360000000000019e+00
2.887399999999999967e+00
0.000000000000000000e+00
6.222839999999999483e-01
-2.552890000000000020e-02
0.000000000000000000e+00
0.000000000000000000e+00
0.000000000000000000e+00
-1.567080000000000028e+00
2.249270000000000103e+00
0.000000000000000000e+00
-2.899019999999999930e-01
0.000000000000000000e+00
0.000000000000000000e+00
0.000000000000000000e+00
0.000000000000000000e+00
0.000000000000000000e+00
2.978600000000000136e+00
2.532020000000000159e+00
0.000000000000000000e+00
-1.124229999999999952e-01
-6.645140000000000491e-01
1.153689999999999993e-01
-7.022260000000000169e-01
-3.550550000000000095e-01
0.000000000000000000e+00
-1.147199999999999998e+00
0.000000000000000000e+00
2.183640000000000025e-01
0.000000000000000000e+00
-5.963169999999999860e-01
1.649220000000000130e-01
8.018259999999999277e-03
0.000000000000000000e+00
0.000000000000000000e+00
-4.554409999999999847e-01
-1.894919999999999938e-01
0.000000000000000000e+00
0.000000000000000000e+00
0.000000000000000000e+00
0.000000000000000000e+00
0.000000000000000000e+00
1.226930000000000076e+00
0.000000000000000000e+00
-1.942199999999999926e+00
0.000000000000000000e+00
0.000000000000000000e+00
-1.993389999999999995e+00
0.000000000000000000e+00
0.000000000000000000e+00
0.000000000000000000e+00
1.255910000000000082e-01
6.185380000000000322e-01
1.058710000000000040e+00
0.000000000000000000e+00
-2.894090000000000273e-01
0.000000000000000000e+00
7.543910000000000338e-01
0.000000000000000000e+00
0.000000000000000000e+00
0.000000000000000000e+00
-7.789179999999999993e-01
0.000000000000000000e+00
0.000000000000000000e+00
0.000000000000000000e+00
0.000000000000000000e+00
0.000000000000000000e+00
0.000000000000000000e+00
-1.966839999999999922e+00
0.000000000000000000e+00
2.991119999999999890e-01
0.000000000000000000e+00
0.000000000000000000e+00
0.000000000000000000e+00
8.049920000000000408e-01
0.000000000000000000e+00
0.000000000000000000e+00
0.000000000000000000e+00
0.000000000000000000e+00
0.000000000000000000e+00
0.000000000000000000e+00
0.000000000000000000e+00
0.000000000000000000e+00
0.000000000000000000e+00
0.000000000000000000e+00
0.000000000000000000e+00
0.000000000000000000e+00
0.000000000000000000e+00
0.000000000000000000e+00
0.000000000000000000e+00
0.000000000000000000e+00
0.000000000000000000e+00
0.000000000000000000e+00
0.000000000000000000e+00
0.000000000000000000e+00
0.000000000000000000e+00
0.000000000000000000e+00
0.000000000000000000e+00
0.000000000000000000e+00
0.000000000000000000e+00
0.000000000000000000e+00
0.000000000000000000e+00
0.000000000000000000e+00
0.000000000000000000e+00
0.000000000000000000e+00
0.000000000000000000e+00
1.170730000000000048e+00
0.000000000000000000e+00
0.000000000000000000e+00
0.000000000000000000e+00
0.000000000000000000e+00
0.000000000000000000e+00
-5.900809999999999667e-01
0.000000000000000000e+00
0.000000000000000000e+00
0.000000000000000000e+00
0.000000000000000000e+00
1.264219999999999899e+00
0.000000000000000000e+00
0.000000000000000000e+00
0.000000000000000000e+00
1.368959999999999955e+00
0.000000000000000000e+00
0.000000000000000000e+00
-7.220109999999999584e-01
-4.297810000000000241e-01
-6.091600000000000348e-01
0.000000000000000000e+00
7.032840000000000202e-01
2.657390000000000030e-01
-1.579779999999999962e+00
2.188620000000000010e-01
-2.205830000000000013e-01
-4.319290000000000074e-01
1.128910000000000080e+00
0.000000000000000000e+00
0.000000000000000000e+00
-6.895809999999999995e-01
0.000000000000000000e+00
0.000000000000000000e+00
-3.285190000000000332e-02
-9.127600000000000158e-01
0.000000000000000000e+00
0.000000000000000000e+00
0.000000000000000000e+00
0.000000000000000000e+00
0.000000000000000000e+00
2.596439999999999859e+00
0.000000000000000000e+00
0.000000000000000000e+00
1.085229999999999917e+00
1.709659999999999958e+00
5.535210000000000408e-01
1.307550000000000101e-01
0.000000000000000000e+00
0.000000000000000000e+00
-8.465500000000000247e-01
-7.127240000000000242e-01
0.000000000000000000e+00
-4.500669999999999948e-01
0.000000000000000000e+00
0.000000000000000000e+00
0.000000000000000000e+00
0.000000000000000000e+00
-2.065539999999999932e+00
0.000000000000000000e+00
0.000000000000000000e+00
0.000000000000000000e+00
0.000000000000000000e+00
0.000000000000000000e+00
0.000000000000000000e+00
0.000000000000000000e+00
0.000000000000000000e+00
0.000000000000000000e+00
0.000000000000000000e+00
0.000000000000000000e+00
0.000000000000000000e+00
-3.493979999999999864e-01
1.609560000000000102e+00
0.000000000000000000e+00
0.000000000000000000e+00
0.000000000000000000e+00
-5.118430000000000479e-01
-1.016040000000000054e+00
0.000000000000000000e+00
0.000000000000000000e+00
1.576940000000000008e+00
7.220180000000000486e-01
0.000000000000000000e+00
0.000000000000000000e+00
4.962949999999999862e-01
0.000000000000000000e+00
0.000000000000000000e+00
0.000000000000000000e+00
0.000000000000000000e+00
7.537409999999999943e-01
0.000000000000000000e+00
0.000000000000000000e+00
0.000000000000000000e+00
0.000000000000000000e+00
0.000000000000000000e+00
0.000000000000000000e+00
0.000000000000000000e+00
6.052870000000000195e-01
0.000000000000000000e+00
-2.693969999999999958e-03
0.000000000000000000e+00
0.000000000000000000e+00
1.317490000000000050e+00
0.000000000000000000e+00
0.000000000000000000e+00
1.243790000000000034e-01
0.000000000000000000e+00
0.000000000000000000e+00
-4.881630000000000136e-01
0.000000000000000000e+00
-7.865010000000000057e-01
-2.548199999999999910e-01
0.000000000000000000e+00
0.000000000000000000e+00
0.000000000000000000e+00
3.254950000000000010e+00
0.000000000000000000e+00
0.000000000000000000e+00
0.000000000000000000e+00
7.178689999999999793e-01
0.000000000000000000e+00
0.000000000000000000e+00
0.000000000000000000e+00
0.000000000000000000e+00
0.000000000000000000e+00
0.000000000000000000e+00
0.000000000000000000e+00
-1.259929999999999994e+00
0.000000000000000000e+00
0.000000000000000000e+00
0.000000000000000000e+00
-4.763229999999999964e-01
0.000000000000000000e+00
0.000000000000000000e+00
8.048689999999999456e-01
0.000000000000000000e+00
0.000000000000000000e+00
0.000000000000000000e+00
0.000000000000000000e+00
0.000000000000000000e+00
0.000000000000000000e+00
0.000000000000000000e+00
0.000000000000000000e+00
0.000000000000000000e+00
0.000000000000000000e+00
-1.599820000000000020e+00
0.000000000000000000e+00
4.303429999999999755e-01
6.522210000000000507e-02
0.000000000000000000e+00
0.000000000000000000e+00
0.000000000000000000e+00
-9.651049999999999907e-01
2.685490000000000155e+00
0.000000000000000000e+00
-1.395639999999999992e+00
-7.636319999999999827e-04
0.000000000000000000e+00
0.000000000000000000e+00
0.000000000000000000e+00
0.000000000000000000e+00
0.000000000000000000e+00
0.000000000000000000e+00
0.000000000000000000e+00
-2.423530000000000129e-01
-1.461899999999999977e+00
0.000000000000000000e+00
0.000000000000000000e+00
0.000000000000000000e+00
0.000000000000000000e+00
7.310609999999999609e-01
-5.799279999999999990e-01
-2.818470000000000142e-01
-1.495209999999999873e-01
-1.402970000000000050e+00
-6.733009999999999559e-04
1.624069999999999903e+00
-1.549190000000000067e+00
0.000000000000000000e+00
-1.533519999999999994e+00
0.000000000000000000e+00
4.093370000000000064e-01
-3.042659999999999809e-01
-9.049519999999999786e-01
0.000000000000000000e+00
0.000000000000000000e+00
0.000000000000000000e+00
1.261689999999999978e+00
8.911919999999999842e-01
0.000000000000000000e+00
1.650230000000000030e-01
0.000000000000000000e+00
-3.656070000000000153e-02
-1.496820000000000039e+00
1.095320000000000071e+00
0.000000000000000000e+00
4.022780000000000244e-01
-5.645109999999999850e-01
3.558100000000000152e-01
2.100849999999999940e-01
2.093160000000000132e+00
2.356620000000000104e-01
5.382630000000000470e-01
0.000000000000000000e+00
6.098660000000000192e-01
3.833509999999999973e-01
5.922369999999999718e-02
8.296740000000000226e-01
-1.570769999999999944e-01
0.000000000000000000e+00
6.438380000000000214e-01
-1.168600000000000083e+00
7.606920000000000348e-01
1.985329999999999873e-01
1.005149999999999988e+00
6.175869999999999971e-01
0.000000000000000000e+00
1.267030000000000101e+00
2.920699999999999963e-01
4.081680000000000419e+00
0.000000000000000000e+00
0.000000000000000000e+00
0.000000000000000000e+00
7.222790000000000044e-01
6.021189999999999598e-01
2.745290000000000230e-01
0.000000000000000000e+00
4.521029999999999771e-01
-1.015869999999999967e-01
-3.656070000000000153e-02
2.359930000000000083e-01
5.479439999999999866e-01
4.930809999999999915e-01
4.847060000000000257e-01
-3.504869999999999930e-01
0.000000000000000000e+00
0.000000000000000000e+00
0.000000000000000000e+00
1.247360000000000024e+00
0.000000000000000000e+00
1.148819999999999952e+00
0.000000000000000000e+00
3.749210000000000043e-01
0.000000000000000000e+00
-3.656070000000000153e-02
-3.201709999999999834e-01
6.690660000000000496e-01
5.506670000000000176e-01
1.385890000000000066e+00
5.230850000000000222e-01
0.000000000000000000e+00
1.366039999999999921e+00
2.164320000000000022e+00
-5.020689999999999875e-01
0.000000000000000000e+00
0.000000000000000000e+00
5.443189999999999973e-01
0.000000000000000000e+00
2.336489999999999956e-01
0.000000000000000000e+00
0.000000000000000000e+00
0.000000000000000000e+00
0.000000000000000000e+00
0.000000000000000000e+00
5.092510000000000092e-01
9.925270000000000481e-01
1.191669999999999952e-01
-8.867009999999999614e-01
0.000000000000000000e+00
0.000000000000000000e+00
0.000000000000000000e+00
1.389620000000000077e+00
8.687679999999999847e-01
8.948220000000000063e-01
0.000000000000000000e+00
-2.950409999999999977e-01
-5.900809999999999667e-01
2.111770000000000036e-01
0.000000000000000000e+00
-6.684670000000000334e-01
3.058280000000000026e-02
2.005809999999999871e+00
0.000000000000000000e+00
1.285460000000000047e+00
3.104859999999999842e-01
0.000000000000000000e+00
2.965749999999999775e-01
3.695769999999999889e-01
0.000000000000000000e+00
1.540550000000000086e+00
0.000000000000000000e+00
1.566540000000000044e+00
5.852990000000000137e-01
-4.168709999999999916e-01
8.323869999999999880e-01
-1.069450000000000012e+00
0.000000000000000000e+00
0.000000000000000000e+00
0.000000000000000000e+00
2.843890000000000029e-01
1.387219999999999898e+00
-2.983290000000000108e-01
-2.416250000000000064e-01
2.044080000000000119e+00
-7.912360000000000504e-01
9.492850000000000454e-01
0.000000000000000000e+00
4.770380000000000176e-01
-1.381199999999999983e+00
-4.069249999999999812e-01
-1.831560000000000132e-01
2.279079999999999995e-01
1.192309999999999981e+00
7.285899999999999599e-01
0.000000000000000000e+00
0.000000000000000000e+00
0.000000000000000000e+00
0.000000000000000000e+00
1.979420000000000138e-02
-1.625150000000000095e+00
8.877159999999999496e-01
-1.603179999999999883e-01
1.661699999999999955e+00
0.000000000000000000e+00
2.939340000000000064e+00
0.000000000000000000e+00
0.000000000000000000e+00
2.743800000000000128e-01
1.744489999999999930e-01
0.000000000000000000e+00
0.000000000000000000e+00
1.168199999999999905e+00
5.137159999999999505e-01
0.000000000000000000e+00
2.983290000000000108e-01
0.000000000000000000e+00
-4.041890000000000205e-01
0.000000000000000000e+00
0.000000000000000000e+00
6.456129999999999924e-01
1.708210000000000006e-01
9.884590000000000390e-03
0.000000000000000000e+00
0.000000000000000000e+00
2.660139999999999727e-01
-4.585690000000000044e-01
0.000000000000000000e+00
0.000000000000000000e+00
7.144909999999999872e-01
0.000000000000000000e+00
4.494659999999999767e-01
0.000000000000000000e+00
0.000000000000000000e+00
0.000000000000000000e+00
4.298930000000000251e-01
3.393740000000000090e-01
-3.230589999999999851e-01
1.301700000000000079e+00
0.000000000000000000e+00
9.394599999999999618e-01
0.000000000000000000e+00
5.325029999999999486e-01
1.058729999999999949e+00
0.000000000000000000e+00
6.302119999999999944e-01
1.659879999999999967e-01
6.981579999999999453e-01
-3.748090000000000033e-01
1.216120000000000090e+00
3.237579999999999902e+00
0.000000000000000000e+00
1.137550000000000061e+00
1.309479999999999977e+00
0.000000000000000000e+00
1.499600000000000044e+00
4.381499999999999839e-01
0.000000000000000000e+00
0.000000000000000000e+00
-2.178470000000000129e-01
0.000000000000000000e+00
0.000000000000000000e+00
0.000000000000000000e+00
0.000000000000000000e+00
0.000000000000000000e+00
0.000000000000000000e+00
0.000000000000000000e+00
-1.534109999999999918e-01
0.000000000000000000e+00
-9.711060000000000247e-01
3.200299999999999812e-01
0.000000000000000000e+00
0.000000000000000000e+00
0.000000000000000000e+00
1.889490000000000058e-01
0.000000000000000000e+00
-3.406549999999999856e-01
0.000000000000000000e+00
0.000000000000000000e+00
-5.856190000000000007e-01
0.000000000000000000e+00
1.081720000000000077e-02
-6.330769999999999453e-02
0.000000000000000000e+00
-1.255039999999999933e+00
0.000000000000000000e+00
6.592440000000000522e-01
0.000000000000000000e+00
0.000000000000000000e+00
0.000000000000000000e+00
0.000000000000000000e+00
-5.749060000000000281e-01
0.000000000000000000e+00
-1.445310000000000095e+00
7.243359999999999799e-01
0.000000000000000000e+00
-2.959490000000000176e-01
0.000000000000000000e+00
0.000000000000000000e+00
0.000000000000000000e+00
0.000000000000000000e+00
0.000000000000000000e+00
0.000000000000000000e+00
0.000000000000000000e+00
-7.631729999999999903e-01
7.774189999999999712e-01
0.000000000000000000e+00
0.000000000000000000e+00
0.000000000000000000e+00
0.000000000000000000e+00
-5.964019999999999877e-01
0.000000000000000000e+00
0.000000000000000000e+00
-9.527099999999999458e-01
-3.134930000000000216e-01
-3.385950000000000071e-02
0.000000000000000000e+00
-6.511010000000000408e-01
0.000000000000000000e+00
0.000000000000000000e+00
0.000000000000000000e+00
0.000000000000000000e+00
0.000000000000000000e+00
0.000000000000000000e+00
0.000000000000000000e+00
0.000000000000000000e+00
0.000000000000000000e+00
0.000000000000000000e+00
0.000000000000000000e+00
0.000000000000000000e+00
-8.600710000000000299e-01
0.000000000000000000e+00
-7.372269999999999657e-01
1.447659999999999947e+00
-5.347129999999999939e-01
-1.087830000000000047e-01
2.700029999999999930e-01
0.000000000000000000e+00
0.000000000000000000e+00
0.000000000000000000e+00
0.000000000000000000e+00
0.000000000000000000e+00
-1.093220000000000025e-01
-4.532559999999999922e-01
0.000000000000000000e+00
0.000000000000000000e+00
0.000000000000000000e+00
0.000000000000000000e+00
0.000000000000000000e+00
0.000000000000000000e+00
0.000000000000000000e+00
0.000000000000000000e+00
0.000000000000000000e+00
0.000000000000000000e+00
-2.652089999999999725e-01
-1.364430000000000087e-01
-1.125889999999999946e-01
0.000000000000000000e+00
-2.539649999999999963e-01
0.000000000000000000e+00
-1.967919999999999892e+00
-1.150339999999999918e+00
-3.884119999999999795e-01
-7.519169999999999465e-01
-2.275139999999999940e+00
2.842419999999999947e-01
-6.208709999999999923e-02
0.000000000000000000e+00
0.000000000000000000e+00
0.000000000000000000e+00
0.000000000000000000e+00
0.000000000000000000e+00
0.000000000000000000e+00
0.000000000000000000e+00
-1.511989999999999945e+00
1.969259999999999899e-01
-6.241060000000000496e-01
-2.282309999999999894e-01
0.000000000000000000e+00
-3.707230000000000247e-01
2.864979999999999749e-01
0.000000000000000000e+00
0.000000000000000000e+00
0.000000000000000000e+00
0.000000000000000000e+00
-9.775249999999999773e-01
-2.636929999999999996e+00
-8.151119999999999477e-01
0.000000000000000000e+00
-9.420140000000000458e-02
-4.865300000000000180e-02
-3.081209999999999782e-01
0.000000000000000000e+00
0.000000000000000000e+00
0.000000000000000000e+00
-7.653909999999999880e-02
6.237869999999999804e-01
-2.128929999999999989e-01
-3.188039999999999763e-01
-3.656070000000000153e-02
0.000000000000000000e+00
1.147460000000000008e-01
2.004849999999999965e-01
0.000000000000000000e+00
0.000000000000000000e+00
-7.084930000000000394e-01
5.287469999999999670e-01
-2.695940000000000003e-01
0.000000000000000000e+00
0.000000000000000000e+00
0.000000000000000000e+00
-1.195200000000000040e+00
1.035740000000000105e+00
-5.407739999999999769e-01
-1.255049999999999999e+00
0.000000000000000000e+00
6.006470000000000420e-01
0.000000000000000000e+00
0.000000000000000000e+00
0.000000000000000000e+00
0.000000000000000000e+00
-5.020839999999999748e-01
0.000000000000000000e+00
0.000000000000000000e+00
1.629539999999999877e-01
-9.284029999999999783e-01
0.000000000000000000e+00
-2.009009999999999962e-01
-1.060910000000000020e+00
-2.725529999999999897e-01
-1.504820000000000046e+00
-2.522430000000000158e-02
0.000000000000000000e+00
7.023820000000000063e-02
-3.065370000000000150e+00
0.000000000000000000e+00
-2.424339999999999939e+00
5.192780000000000173e-01
0.000000000000000000e+00
0.000000000000000000e+00
0.000000000000000000e+00
0.000000000000000000e+00
-2.805000000000000271e-01
0.000000000000000000e+00
0.000000000000000000e+00
-3.155780000000000252e-01
-1.730089999999999961e-01
-1.067339999999999955e+00
0.000000000000000000e+00
0.000000000000000000e+00
0.000000000000000000e+00
0.000000000000000000e+00
-2.889030000000000209e-01
0.000000000000000000e+00
-9.276020000000000376e-01
