4.847319999999999962e-01
1.556920000000000005e-02
2.008209999999999995e-01
2.685679999999999734e-01
5.812929999999999486e-01
0.000000000000000000e+00
2.936480000000000201e-01
0.000000000000000000e+00
0.000000000000000000e+00
0.000000000000000000e+00
7.809899999999999620e-01
0.000000000000000000e+00
1.437730000000000119e-01
2.728349999999999942e-01
3.025200000000000111e-02
1.040589999999999987e-01
-8.950879999999999947e-02
7.784590000000000121e-01
-3.669320000000000220e-02
0.000000000000000000e+00
9.447510000000000074e-01
3.152289999999999814e-01
0.000000000000000000e+00
0.000000000000000000e+00
2.147959999999999869e-01
0.000000000000000000e+00
-8.829130000000000355e-04
4.341340000000000199e-01
1.618070000000000064e-01
0.000000000000000000e+00
0.000000000000000000e+00
0.000000000000000000e+00
0.000000000000000000e+00
2.278900000000000092e-01
0.000000000000000000e+00
4.538980000000000237e-01
0.000000000000000000e+00
0.000000000000000000e+00
0.000000000000000000e+00
0.000000000000000000e+00
5.222930000000000073e-01
0.000000000000000000e+00
0.000000000000000000e+00
-1.811110000000000150e-02
0.000000000000000000e+00
1.512600000000000056e-02
0.000000000000000000e+00
0.000000000000000000e+00
5.105370000000000186e-01
0.000000000000000000e+00
-8.943579999999999586e-02
0.000000000000000000e+00
0.000000000000000000e+00
-2.460199999999999887e-01
0.000000000000000000e+00
1.608009999999999995e-01
0.000000000000000000e+00
1.684380000000000044e-01
9.689739999999999465e-02
-5.427440000000000042e-01
0.000000000000000000e+00
5.416610000000000175e-02
0.000000000000000000e+00
0.000000000000000000e+00
1.244259999999999922e+00
6.928419999999999579e-01
0.000000000000000000e+00
0.000000000000000000e+00
-2.460100000000000064e-01
-1.260040000000000049e-01
0.000000000000000000e+00
7.667749999999999566e-02
4.867849999999999955e-02
0.000000000000000000e+00
0.000000000000000000e+00
0.000000000000000000e+00
7.470809999999999951e-02
0.000000000000000000e+00
0.000000000000000000e+00
0.000000000000000000e+00
3.699230000000000018e-01
5.187829999999999941e-01
-6.217160000000000464e-01
0.000000000000000000e+00
0.000000000000000000e+00
-4.577389999999999931e-02
1.600580000000000058e-01
0.000000000000000000e+00
0.000000000000000000e+00
3.026980000000000226e-01
5.670830000000000315e-02
0.000000000000000000e+00
0.000000000000000000e+00
1.142240000000000061e-01
1.061519999999999964e-01
2.484810000000000074e-01
0.000000000000000000e+00
0.000000000000000000e+00
0.000000000000000000e+00
3.197729999999999739e-01
0.000000000000000000e+00
0.000000000000000000e+00
0.000000000000000000e+00
0.000000000000000000e+00
0.000000000000000000e+00
0.000000000000000000e+00
1.048369999999999996e-01
0.000000000000000000e+00
5.144649999999999501e-01
0.000000000000000000e+00
0.000000000000000000e+00
0.000000000000000000e+00
1.337969999999999993e-01
0.000000000000000000e+00
0.000000000000000000e+00
0.000000000000000000e+00
0.000000000000000000e+00
1.485420000000000074e-01
0.000000000000000000e+00
2.760889999999999733e-01
0.000000000000000000e+00
0.000000000000000000e+00
0.000000000000000000e+00
-8.516060000000000296e-02
-2.586579999999999990e-01
-2.540390000000000148e-01
0.000000000000000000e+00
0.000000000000000000e+00
0.000000000000000000e+00
0.000000000000000000e+00
1.583600000000000008e-01
-7.953230000000000022e-02
0.000000000000000000e+00
3.242399999999999727e-01
2.571700000000000097e-01
0.000000000000000000e+00
0.000000000000000000e+00
-2.420090000000000019e-01
0.000000000000000000e+00
0.000000000000000000e+00
-7.957499999999999574e-01
0.000000000000000000e+00
0.000000000000000000e+00
0.000000000000000000e+00
0.000000000000000000e+00
0.000000000000000000e+00
0.000000000000000000e+00
0.000000000000000000e+00
0.000000000000000000e+00
-5.078350000000000364e-01
-5.036220000000000141e-01
-3.543020000000000058e-01
0.000000000000000000e+00
5.841589999999999977e-02
0.000000000000000000e+00
0.000000000000000000e+00
3.310899999999999954e-01
0.000000000000000000e+00
-2.494530000000000081e-01
0.000000000000000000e+00
0.000000000000000000e+00
0.000000000000000000e+00
1.741399999999999892e-02
0.000000000000000000e+00
-3.323309999999999875e-01
-4.485800000000000204e-02
7.742780000000000322e-03
0.000000000000000000e+00
3.148210000000000175e-01
2.706149999999999875e-02
2.661089999999999844e-01
0.000000000000000000e+00
-2.849769999999999803e-01
0.000000000000000000e+00
0.000000000000000000e+00
0.000000000000000000e+00
0.000000000000000000e+00
-2.803479999999999861e-01
0.000000000000000000e+00
0.000000000000000000e+00
0.000000000000000000e+00
1.274280000000000135e-01
1.512600000000000056e-02
0.000000000000000000e+00
-2.269180000000000086e-01
-1.067720000000000058e-01
0.000000000000000000e+00
3.921910000000000118e-01
-4.803270000000000040e-01
-1.895890000000000075e-01
0.000000000000000000e+00
0.000000000000000000e+00
2.691469999999999974e-02
0.000000000000000000e+00
0.000000000000000000e+00
-1.060689999999999966e-01
0.000000000000000000e+00
0.000000000000000000e+00
0.000000000000000000e+00
-1.144390000000000018e+00
-1.953020000000000034e-01
0.000000000000000000e+00
0.000000000000000000e+00
0.000000000000000000e+00
-9.898099999999999676e-01
-2.299950000000000050e-01
0.000000000000000000e+00
-3.787019999999999831e-01
0.000000000000000000e+00
0.000000000000000000e+00
0.000000000000000000e+00
0.000000000000000000e+00
0.000000000000000000e+00
0.000000000000000000e+00
0.000000000000000000e+00
0.000000000000000000e+00
0.000000000000000000e+00
0.000000000000000000e+00
0.000000000000000000e+00
-6.556490000000000373e-01
0.000000000000000000e+00
-7.136879999999999891e-01
0.000000000000000000e+00
0.000000000000000000e+00
-4.974609999999999865e-01
-5.107610000000000205e-01
-2.112290000000000001e-01
0.000000000000000000e+00
0.000000000000000000e+00
0.000000000000000000e+00
0.000000000000000000e+00
-5.914490000000000025e-02
-3.726140000000000008e-01
-1.663310000000000066e+00
4.787550000000000139e-02
0.000000000000000000e+00
-1.622859999999999928e-02
-2.325589999999999880e-01
0.000000000000000000e+00
-5.268439999999999929e-02
0.000000000000000000e+00
0.000000000000000000e+00
-9.826409999999999867e-01
0.000000000000000000e+00
-5.838060000000000471e-01
0.000000000000000000e+00
0.000000000000000000e+00
-3.152820000000000067e-01
4.403189999999999882e-02
-5.789450000000000429e-01
-7.387169999999999570e-01
0.000000000000000000e+00
0.000000000000000000e+00
-4.426200000000000134e-01
0.000000000000000000e+00
-1.456739999999999924e+00
0.000000000000000000e+00
-2.026100000000000012e+00
1.077879999999999949e-01
-1.448099999999999943e-01
0.000000000000000000e+00
-2.495819999999999983e-01
0.000000000000000000e+00
0.000000000000000000e+00
-5.069000000000000172e-01
0.000000000000000000e+00
0.000000000000000000e+00
-3.616860000000000075e-01
0.000000000000000000e+00
-3.980739999999999834e-01
-1.288040000000000018e-01
0.000000000000000000e+00
0.000000000000000000e+00
-1.877890000000000115e-01
0.000000000000000000e+00
0.000000000000000000e+00
-3.935139999999999749e-01
-1.230380000000000029e+00
-3.626349999999999851e-01
-5.943950000000000067e-01
0.000000000000000000e+00
-3.022869999999999724e-01
0.000000000000000000e+00
0.000000000000000000e+00
0.000000000000000000e+00
0.000000000000000000e+00
0.000000000000000000e+00
0.000000000000000000e+00
0.000000000000000000e+00
-1.279179999999999984e+00
-2.300329999999999875e-01
0.000000000000000000e+00
1.615570000000000062e-01
1.163939999999999940e-02
0.000000000000000000e+00
0.000000000000000000e+00
3.395079999999999765e-01
0.000000000000000000e+00
0.000000000000000000e+00
-6.027470000000000327e-01
3.979119999999999879e-02
0.000000000000000000e+00
0.000000000000000000e+00
0.000000000000000000e+00
0.000000000000000000e+00
0.000000000000000000e+00
3.799969999999999737e-01
0.000000000000000000e+00
0.000000000000000000e+00
0.000000000000000000e+00
3.586039999999999783e-01
0.000000000000000000e+00
0.000000000000000000e+00
3.276040000000000063e-01
0.000000000000000000e+00
0.000000000000000000e+00
2.074409999999999865e-01
0.000000000000000000e+00
6.411390000000000144e-01
0.000000000000000000e+00
0.000000000000000000e+00
0.000000000000000000e+00
0.000000000000000000e+00
0.000000000000000000e+00
0.000000000000000000e+00
-3.099089999999999900e-01
0.000000000000000000e+00
0.000000000000000000e+00
-1.798089999999999966e-01
-1.974069999999999991e-01
-3.688679999999999737e-01
0.000000000000000000e+00
0.000000000000000000e+00
0.000000000000000000e+00
-3.219620000000000259e-01
0.000000000000000000e+00
-3.146489999999999704e-02
4.328320000000000084e-02
-2.640390000000000237e-01
3.718400000000000039e-01
0.000000000000000000e+00
3.726110000000000255e-01
0.000000000000000000e+00
0.000000000000000000e+00
0.000000000000000000e+00
0.000000000000000000e+00
-4.674409999999999676e-02
4.746170000000000111e-01
0.000000000000000000e+00
-9.390040000000000539e-03
-8.731550000000000145e-01
5.634900000000000325e-02
0.000000000000000000e+00
0.000000000000000000e+00
0.000000000000000000e+00
0.000000000000000000e+00
-4.136400000000000077e-01
1.952109999999999956e-01
-6.076960000000000139e-01
0.000000000000000000e+00
0.000000000000000000e+00
0.000000000000000000e+00
0.000000000000000000e+00
0.000000000000000000e+00
0.000000000000000000e+00
0.000000000000000000e+00
0.000000000000000000e+00
0.000000000000000000e+00
0.000000000000000000e+00
0.000000000000000000e+00
-1.455569999999999919e-01
0.000000000000000000e+00
-6.606250000000000178e-01
0.000000000000000000e+00
0.000000000000000000e+00
0.000000000000000000e+00
0.000000000000000000e+00
0.000000000000000000e+00
0.000000000000000000e+00
0.000000000000000000e+00
0.000000000000000000e+00
0.000000000000000000e+00
0.000000000000000000e+00
0.000000000000000000e+00
0.000000000000000000e+00
0.000000000000000000e+00
0.000000000000000000e+00
0.000000000000000000e+00
0.000000000000000000e+00
0.000000000000000000e+00
0.000000000000000000e+00
0.000000000000000000e+00
0.000000000000000000e+00
0.000000000000000000e+00
0.000000000000000000e+00
0.000000000000000000e+00
0.000000000000000000e+00
0.000000000000000000e+00
0.000000000000000000e+00
0.000000000000000000e+00
0.000000000000000000e+00
0.000000000000000000e+00
0.000000000000000000e+00
0.000000000000000000e+00
0.000000000000000000e+00
1.775410000000000044e-01
0.000000000000000000e+00
0.000000000000000000e+00
0.000000000000000000e+00
0.000000000000000000e+00
0.000000000000000000e+00
0.000000000000000000e+00
1.901559999999999917e-01
0.000000000000000000e+00
-7.398569999999999869e-01
0.000000000000000000e+00
-4.533719999999999972e-01
-1.968669999999999864e-01
0.000000000000000000e+00
0.000000000000000000e+00
1.975079999999999891e-01
0.000000000000000000e+00
0.000000000000000000e+00
-8.832489999999999508e-01
0.000000000000000000e+00
0.000000000000000000e+00
0.000000000000000000e+00
0.000000000000000000e+00
0.000000000000000000e+00
0.000000000000000000e+00
0.000000000000000000e+00
0.000000000000000000e+00
0.000000000000000000e+00
0.000000000000000000e+00
1.659209999999999852e-02
0.000000000000000000e+00
0.000000000000000000e+00
0.000000000000000000e+00
0.000000000000000000e+00
0.000000000000000000e+00
0.000000000000000000e+00
0.000000000000000000e+00
-2.436079999999999843e-02
0.000000000000000000e+00
0.000000000000000000e+00
0.000000000000000000e+00
-2.297619999999999940e-01
0.000000000000000000e+00
-1.241449999999999942e+00
0.000000000000000000e+00
0.000000000000000000e+00
-2.613400000000000167e-01
0.000000000000000000e+00
0.000000000000000000e+00
0.000000000000000000e+00
-1.287190000000000001e-01
2.387579999999999911e-02
0.000000000000000000e+00
7.350740000000000052e-02
0.000000000000000000e+00
0.000000000000000000e+00
0.000000000000000000e+00
0.000000000000000000e+00
0.000000000000000000e+00
0.000000000000000000e+00
0.000000000000000000e+00
