1.453160000000000007e+00
0.000000000000000000e+00
1.022299999999999986e+00
1.569029999999999925e+00
0.000000000000000000e+00
1.495090000000000030e+00
0.000000000000000000e+00
3.253619999999999846e-01
0.000000000000000000e+00
1.255980000000000096e+00
2.983560000000000212e+00
0.000000000000000000e+00
2.119489999999999874e+00
-6.041939999999999811e-02
5.806419999999999915e-01
-3.510710000000000219e-01
0.000000000000000000e+00
0.000000000000000000e+00
0.000000000000000000e+00
0.000000000000000000e+00
1.359969999999999901e+00
-2.422789999999999944e-01
0.000000000000000000e+00
1.137729999999999908e+00
1.746739999999999959e+00
-2.422789999999999944e-01
4.920900000000000274e-02
1.258809999999999985e+00
0.000000000000000000e+00
9.859200000000000186e-01
0.000000000000000000e+00
6.266779999999999573e-01
2.958239999999999759e-01
6.281679999999999486e-01
0.000000000000000000e+00
5.975160000000000471e-01
0.000000000000000000e+00
2.265050000000000119e-01
6.769709999999999894e-01
2.766419999999999990e-01
6.068099999999999605e-01
1.386110000000000120e-01
1.393189999999999928e+00
1.130959999999999965e+00
0.000000000000000000e+00
8.788610000000000033e-01
7.558499999999999941e-02
6.335690000000000488e-01
1.345129999999999937e+00
2.009770000000000056e+00
0.000000000000000000e+00
0.000000000000000000e+00
0.000000000000000000e+00
0.000000000000000000e+00
0.000000000000000000e+00
1.364029999999999965e-01
1.295290000000000052e+00
0.000000000000000000e+00
4.548389999999999933e-01
0.000000000000000000e+00
2.914980000000000002e-02
0.000000000000000000e+00
4.092870000000000119e-01
0.000000000000000000e+00
0.000000000000000000e+00
-5.362540000000000084e-01
0.000000000000000000e+00
0.000000000000000000e+00
-1.965369999999999895e-01
-7.274380000000000290e-01
6.273910000000000320e-01
3.030259999999999898e-02
5.524820000000000286e-01
9.519899999999999543e-03
0.000000000000000000e+00
8.035309999999999953e-01
1.465950000000000086e+00
1.090969999999999995e-01
0.000000000000000000e+00
1.050839999999999996e+00
0.000000000000000000e+00
1.333830000000000071e+00
0.000000000000000000e+00
7.167790000000000550e-01
0.000000000000000000e+00
0.000000000000000000e+00
1.210520000000000068e-01
2.911920000000000064e-01
7.673720000000000541e-01
4.645099999999999785e-01
-2.422789999999999944e-01
0.000000000000000000e+00
0.000000000000000000e+00
0.000000000000000000e+00
0.000000000000000000e+00
3.775740000000000346e-02
0.000000000000000000e+00
-6.671420000000000128e-01
0.000000000000000000e+00
-8.023540000000000116e-01
0.000000000000000000e+00
0.000000000000000000e+00
0.000000000000000000e+00
-1.157659999999999939e-01
-1.990379999999999927e-01
0.000000000000000000e+00
0.000000000000000000e+00
0.000000000000000000e+00
0.000000000000000000e+00
0.000000000000000000e+00
4.577950000000000075e-01
0.000000000000000000e+00
1.654950000000000171e-02
0.000000000000000000e+00
2.747879999999999767e-01
-3.896310000000000051e-01
0.000000000000000000e+00
1.241409999999999902e+00
0.000000000000000000e+00
0.000000000000000000e+00
-1.312300000000000022e+00
-4.288520000000000110e+00
0.000000000000000000e+00
0.000000000000000000e+00
2.084999999999999909e-01
0.000000000000000000e+00
0.000000000000000000e+00
7.824839999999999574e-01
0.000000000000000000e+00
0.000000000000000000e+00
0.000000000000000000e+00
0.000000000000000000e+00
0.000000000000000000e+00
7.065209999999999546e-01
0.000000000000000000e+00
0.000000000000000000e+00
-2.941509999999999958e-01
-2.021300000000000041e-01
0.000000000000000000e+00
0.000000000000000000e+00
0.000000000000000000e+00
0.000000000000000000e+00
0.000000000000000000e+00
0.000000000000000000e+00
-2.422789999999999944e-01
0.000000000000000000e+00
0.000000000000000000e+00
8.508400000000000407e-01
0.000000000000000000e+00
0.000000000000000000e+00
3.186289999999999956e-01
-1.495930000000000037e-01
0.000000000000000000e+00
-4.376760000000000095e-01
-1.309930000000000039e+00
0.000000000000000000e+00
0.000000000000000000e+00
-9.504160000000000386e-01
0.000000000000000000e+00
0.000000000000000000e+00
1.241379999999999983e-01
1.019290000000000029e+00
-2.420049999999999979e-01
0.000000000000000000e+00
0.000000000000000000e+00
0.000000000000000000e+00
1.305099999999999871e-01
-1.812729999999999952e+00
-3.072289999999999743e-01
0.000000000000000000e+00
0.000000000000000000e+00
0.000000000000000000e+00
2.000000000000000000e+00
0.000000000000000000e+00
-1.784409999999999885e-01
0.000000000000000000e+00
2.577209999999999779e-01
0.000000000000000000e+00
0.000000000000000000e+00
-1.891289999999999916e+00
0.000000000000000000e+00
9.168079999999999563e-01
2.521829999999999905e-01
-2.267790000000000084e-01
1.145350000000000090e+00
0.000000000000000000e+00
4.402070000000000149e-01
-2.233950000000000102e-01
-6.880549999999999722e-01
0.000000000000000000e+00
9.229420000000000401e-01
0.000000000000000000e+00
2.264349999999999974e-01
0.000000000000000000e+00
-9.579069999999999530e-01
0.000000000000000000e+00
9.087779999999999470e-02
0.000000000000000000e+00
0.000000000000000000e+00
0.000000000000000000e+00
0.000000000000000000e+00
0.000000000000000000e+00
0.000000000000000000e+00
0.000000000000000000e+00
0.000000000000000000e+00
0.000000000000000000e+00
0.000000000000000000e+00
-1.290840000000000043e-01
1.557969999999999910e-01
1.302880000000000038e+00
0.000000000000000000e+00
0.000000000000000000e+00
3.195200000000000123e-02
0.000000000000000000e+00
0.000000000000000000e+00
1.124840000000000007e-01
0.000000000000000000e+00
0.000000000000000000e+00
-5.147620000000000529e-01
0.000000000000000000e+00
0.000000000000000000e+00
-1.891899999999999971e-01
1.051180000000000003e+00
0.000000000000000000e+00
0.000000000000000000e+00
5.977200000000000291e-01
2.135559999999999958e-01
5.585890000000000299e-02
0.000000000000000000e+00
0.000000000000000000e+00
0.000000000000000000e+00
2.581559999999999966e-01
0.000000000000000000e+00
0.000000000000000000e+00
1.844659999999999966e+00
-1.294869999999999965e+00
0.000000000000000000e+00
0.000000000000000000e+00
-7.051179999999999948e-02
0.000000000000000000e+00
1.262389999999999901e-01
5.387170000000000014e-01
0.000000000000000000e+00
0.000000000000000000e+00
0.000000000000000000e+00
0.000000000000000000e+00
1.046109999999999957e-01
0.000000000000000000e+00
9.480210000000000026e-01
0.000000000000000000e+00
-2.013720000000000176e+00
0.000000000000000000e+00
2.082360000000000044e-01
0.000000000000000000e+00
0.000000000000000000e+00
0.000000000000000000e+00
5.628990000000000382e-01
-1.018909999999999982e+00
-3.633299999999999863e-01
0.000000000000000000e+00
0.000000000000000000e+00
0.000000000000000000e+00
1.571130000000000027e-01
0.000000000000000000e+00
0.000000000000000000e+00
-1.812149999999999928e+00
-4.353420000000000067e-01
5.560779999999999890e-02
0.000000000000000000e+00
0.000000000000000000e+00
0.000000000000000000e+00
0.000000000000000000e+00
2.200279999999999792e+00
0.000000000000000000e+00
0.000000000000000000e+00
0.000000000000000000e+00
0.000000000000000000e+00
0.000000000000000000e+00
0.000000000000000000e+00
-1.816649999999999932e-01
1.389690000000000092e-01
1.510229999999999961e+00
-2.922429999999999750e-01
0.000000000000000000e+00
0.000000000000000000e+00
-8.841860000000000275e-01
3.895120000000000249e-01
0.000000000000000000e+00
0.000000000000000000e+00
-6.364109999999999490e-01
-6.240580000000000016e-01
0.000000000000000000e+00
0.000000000000000000e+00
-7.700679999999999747e-01
0.000000000000000000e+00
9.046159999999999757e-01
0.000000000000000000e+00
0.000000000000000000e+00
0.000000000000000000e+00
-1.387629999999999919e+00
1.970069999999999877e-01
0.000000000000000000e+00
0.000000000000000000e+00
0.000000000000000000e+00
-4.328910000000000258e-01
-6.730040000000000466e-01
0.000000000000000000e+00
0.000000000000000000e+00
0.000000000000000000e+00
0.000000000000000000e+00
6.572029999999999816e-01
0.000000000000000000e+00
0.000000000000000000e+00
-6.343199999999999950e-01
0.000000000000000000e+00
0.000000000000000000e+00
6.519270000000000620e-02
-9.805420000000000247e-01
-5.233940000000000259e-01
-2.133680000000000021e-01
0.000000000000000000e+00
0.000000000000000000e+00
2.042299999999999949e-01
-4.484090000000000020e-01
9.327240000000000530e-02
0.000000000000000000e+00
1.856810000000000127e-01
0.000000000000000000e+00
-5.686240000000000044e-02
-8.586479999999999668e-01
-1.007530000000000037e+00
-3.282889999999999975e-01
0.000000000000000000e+00
-1.556929999999999981e-01
0.000000000000000000e+00
0.000000000000000000e+00
0.000000000000000000e+00
8.666779999999999484e-01
-1.816789999999999905e+00
0.000000000000000000e+00
1.541400000000000062e-02
8.344890000000000363e-01
0.000000000000000000e+00
4.431910000000000016e-01
-6.662879999999999914e-01
0.000000000000000000e+00
0.000000000000000000e+00
1.338070000000000058e-02
6.444560000000000288e-01
0.000000000000000000e+00
0.000000000000000000e+00
-5.119259999999999783e-02
-3.719959999999999933e+00
0.000000000000000000e+00
-5.892939999999999845e-01
0.000000000000000000e+00
0.000000000000000000e+00
2.213460000000000080e-02
0.000000000000000000e+00
0.000000000000000000e+00
0.000000000000000000e+00
-1.717239999999999878e-01
-1.648530000000000051e+00
0.000000000000000000e+00
0.000000000000000000e+00
0.000000000000000000e+00
-2.741080000000000183e-01
0.000000000000000000e+00
0.000000000000000000e+00
0.000000000000000000e+00
0.000000000000000000e+00
0.000000000000000000e+00
0.000000000000000000e+00
0.000000000000000000e+00
0.000000000000000000e+00
0.000000000000000000e+00
-2.090710000000000068e+00
0.000000000000000000e+00
0.000000000000000000e+00
0.000000000000000000e+00
-6.990399999999999947e-01
0.000000000000000000e+00
0.000000000000000000e+00
-1.631019999999999914e+00
0.000000000000000000e+00
0.000000000000000000e+00
0.000000000000000000e+00
-3.339949999999999863e-02
0.000000000000000000e+00
-1.252479999999999982e-01
0.000000000000000000e+00
0.000000000000000000e+00
0.000000000000000000e+00
-2.682410000000000003e-02
0.000000000000000000e+00
0.000000000000000000e+00
0.000000000000000000e+00
0.000000000000000000e+00
-2.500760000000000205e-01
-3.980799999999999894e-01
-4.755269999999999775e-01
0.000000000000000000e+00
0.000000000000000000e+00
0.000000000000000000e+00
-2.993529999999999802e-01
-2.393200000000000049e-01
-9.877249999999999641e-01
-1.206290000000000001e-01
0.000000000000000000e+00
0.000000000000000000e+00
-2.875159999999999938e-01
0.000000000000000000e+00
-4.449650000000000133e-02
-5.671699999999999520e-01
0.000000000000000000e+00
0.000000000000000000e+00
-3.422450000000000214e-01
0.000000000000000000e+00
0.000000000000000000e+00
-4.821690000000000142e-01
0.000000000000000000e+00
0.000000000000000000e+00
0.000000000000000000e+00
0.000000000000000000e+00
0.000000000000000000e+00
0.000000000000000000e+00
-7.866090000000000027e-01
0.000000000000000000e+00
0.000000000000000000e+00
-4.868190000000000017e-01
0.000000000000000000e+00
0.000000000000000000e+00
-7.215599999999999792e-01
0.000000000000000000e+00
1.585499999999999965e-01
0.000000000000000000e+00
0.000000000000000000e+00
0.000000000000000000e+00
-2.376949999999999896e+00
0.000000000000000000e+00
0.000000000000000000e+00
-3.667719999999999869e-01
-5.872939999999999827e-01
0.000000000000000000e+00
0.000000000000000000e+00
0.000000000000000000e+00
-2.660260000000000055e-02
-2.746350000000000180e-01
-1.318629999999999969e+00
0.000000000000000000e+00
-1.132330000000000059e+00
0.000000000000000000e+00
0.000000000000000000e+00
0.000000000000000000e+00
-9.572289999999999965e-01
-1.304410000000000069e+00
3.934000000000000274e-01
-4.325740000000000141e-01
0.000000000000000000e+00
0.000000000000000000e+00
0.000000000000000000e+00
0.000000000000000000e+00
0.000000000000000000e+00
0.000000000000000000e+00
-7.972259999999999902e-01
0.000000000000000000e+00
