0.000000000000000000e+00
-2.797140000000000182e-01
0.000000000000000000e+00
3.579260000000000219e-01
0.000000000000000000e+00
0.000000000000000000e+00
2.352579999999999949e-02
9.460290000000000088e-01
0.000000000000000000e+00
0.000000000000000000e+00
0.000000000000000000e+00
0.000000000000000000e+00
0.000000000000000000e+00
0.000000000000000000e+00
0.000000000000000000e+00
-2.130940000000000056e-01
0.000000000000000000e+00
0.000000000000000000e+00
4.076549999999999896e-01
0.000000000000000000e+00
0.000000000000000000e+00
1.963320000000000065e-01
0.000000000000000000e+00
3.070149999999999824e-01
0.000000000000000000e+00
0.000000000000000000e+00
0.000000000000000000e+00
0.000000000000000000e+00
0.000000000000000000e+00
0.000000000000000000e+00
4.893080000000000207e-01
0.000000000000000000e+00
0.000000000000000000e+00
0.000000000000000000e+00
9.579490000000000505e-01
8.716100000000000236e-02
0.000000000000000000e+00
9.115240000000000009e-01
5.249610000000000040e-03
0.000000000000000000e+00
6.956410000000000371e-02
0.000000000000000000e+00
2.933669999999999889e-01
0.000000000000000000e+00
0.000000000000000000e+00
-6.865679999999999561e-01
9.632820000000000271e-02
0.000000000000000000e+00
0.000000000000000000e+00
0.000000000000000000e+00
0.000000000000000000e+00
0.000000000000000000e+00
0.000000000000000000e+00
0.000000000000000000e+00
7.703950000000000520e-01
2.033510000000000040e-01
0.000000000000000000e+00
0.000000000000000000e+00
0.000000000000000000e+00
-3.113070000000000004e-01
-1.110939999999999983e-01
0.000000000000000000e+00
0.000000000000000000e+00
0.000000000000000000e+00
3.662489999999999912e-01
0.000000000000000000e+00
0.000000000000000000e+00
0.000000000000000000e+00
-2.909800000000000164e-01
1.549729999999999996e-01
0.000000000000000000e+00
0.000000000000000000e+00
0.000000000000000000e+00
8.060310000000000530e-01
3.243059999999999832e-01
0.000000000000000000e+00
0.000000000000000000e+00
0.000000000000000000e+00
0.000000000000000000e+00
0.000000000000000000e+00
0.000000000000000000e+00
4.312679999999999847e-01
3.113690000000000069e-01
0.000000000000000000e+00
0.000000000000000000e+00
0.000000000000000000e+00
-3.025100000000000011e-01
0.000000000000000000e+00
0.000000000000000000e+00
0.000000000000000000e+00
8.496890000000000276e-01
3.942439999999999833e-01
0.000000000000000000e+00
0.000000000000000000e+00
-1.573880000000000001e-01
0.000000000000000000e+00
0.000000000000000000e+00
0.000000000000000000e+00
0.000000000000000000e+00
0.000000000000000000e+00
0.000000000000000000e+00
0.000000000000000000e+00
8.454920000000000491e-02
8.404300000000000659e-02
0.000000000000000000e+00
0.000000000000000000e+00
0.000000000000000000e+00
2.071429999999999938e-01
9.777299999999999880e-02
0.000000000000000000e+00
0.000000000000000000e+00
0.000000000000000000e+00
1.121480000000000032e+00
2.258120000000000127e-01
1.185039999999999982e-01
0.000000000000000000e+00
0.000000000000000000e+00
3.666119999999999796e-02
1.876849999999999907e-01
0.000000000000000000e+00
0.000000000000000000e+00
0.000000000000000000e+00
7.135759999999999881e-01
0.000000000000000000e+00
0.000000000000000000e+00
0.000000000000000000e+00
1.792750000000000066e+00
0.000000000000000000e+00
3.929599999999999760e-01
4.433860000000000023e-01
0.000000000000000000e+00
0.000000000000000000e+00
0.000000000000000000e+00
0.000000000000000000e+00
-1.693310000000000093e-01
3.547830000000000150e-01
0.000000000000000000e+00
9.261329999999999840e-01
5.748839999999999506e-01
-1.023659999999999987e-01
2.159189999999999998e-01
0.000000000000000000e+00
0.000000000000000000e+00
0.000000000000000000e+00
0.000000000000000000e+00
2.615149999999999975e-01
0.000000000000000000e+00
1.101339999999999986e+00
0.000000000000000000e+00
5.280820000000000514e-01
-1.429400000000000115e-01
0.000000000000000000e+00
0.000000000000000000e+00
0.000000000000000000e+00
2.851700000000000068e-02
0.000000000000000000e+00
0.000000000000000000e+00
0.000000000000000000e+00
0.000000000000000000e+00
0.000000000000000000e+00
0.000000000000000000e+00
0.000000000000000000e+00
-2.909800000000000164e-01
0.000000000000000000e+00
0.000000000000000000e+00
7.572049999999999614e-02
0.000000000000000000e+00
0.000000000000000000e+00
0.000000000000000000e+00
1.818149999999999933e+00
0.000000000000000000e+00
0.000000000000000000e+00
0.000000000000000000e+00
4.107500000000000040e-02
1.077129999999999921e+00
0.000000000000000000e+00
0.000000000000000000e+00
0.000000000000000000e+00
0.000000000000000000e+00
0.000000000000000000e+00
0.000000000000000000e+00
0.000000000000000000e+00
0.000000000000000000e+00
0.000000000000000000e+00
-1.228179999999999966e-01
0.000000000000000000e+00
2.526269999999999905e-01
0.000000000000000000e+00
0.000000000000000000e+00
8.517190000000000039e-01
0.000000000000000000e+00
0.000000000000000000e+00
0.000000000000000000e+00
0.000000000000000000e+00
0.000000000000000000e+00
6.719029999999999447e-02
1.740470000000000073e-01
0.000000000000000000e+00
3.326879999999999837e-01
0.000000000000000000e+00
0.000000000000000000e+00
0.000000000000000000e+00
0.000000000000000000e+00
0.000000000000000000e+00
0.000000000000000000e+00
0.000000000000000000e+00
0.000000000000000000e+00
0.000000000000000000e+00
0.000000000000000000e+00
-2.479139999999999955e-01
0.000000000000000000e+00
0.000000000000000000e+00
0.000000000000000000e+00
0.000000000000000000e+00
0.000000000000000000e+00
0.000000000000000000e+00
3.507839999999999847e-01
0.000000000000000000e+00
0.000000000000000000e+00
0.000000000000000000e+00
0.000000000000000000e+00
-5.196110000000000451e-01
0.000000000000000000e+00
0.000000000000000000e+00
0.000000000000000000e+00
-2.729900000000000104e-01
3.398180000000000089e-01
0.000000000000000000e+00
0.000000000000000000e+00
0.000000000000000000e+00
0.000000000000000000e+00
0.000000000000000000e+00
0.000000000000000000e+00
0.000000000000000000e+00
0.000000000000000000e+00
0.000000000000000000e+00
0.000000000000000000e+00
0.000000000000000000e+00
-1.887449999999999961e-01
0.000000000000000000e+00
0.000000000000000000e+00
5.452200000000000379e-01
0.000000000000000000e+00
0.000000000000000000e+00
0.000000000000000000e+00
0.000000000000000000e+00
0.000000000000000000e+00
0.000000000000000000e+00
8.058809999999999585e-01
0.000000000000000000e+00
0.000000000000000000e+00
0.000000000000000000e+00
0.000000000000000000e+00
0.000000000000000000e+00
0.000000000000000000e+00
-7.387340000000000018e-01
0.000000000000000000e+00
-8.347059999999999480e-01
-1.867709999999999926e-01
3.063600000000000212e-01
0.000000000000000000e+00
1.236079999999999957e-01
0.000000000000000000e+00
0.000000000000000000e+00
0.000000000000000000e+00
0.000000000000000000e+00
0.000000000000000000e+00
-1.260020000000000029e-01
0.000000000000000000e+00
0.000000000000000000e+00
0.000000000000000000e+00
0.000000000000000000e+00
-3.499590000000000201e-01
0.000000000000000000e+00
-1.220569999999999988e-01
0.000000000000000000e+00
-5.510520000000000002e-02
0.000000000000000000e+00
-4.665020000000000278e-02
2.289339999999999986e-01
0.000000000000000000e+00
-1.098629999999999919e-02
-7.502459999999999685e-01
-2.136810000000000098e-01
0.000000000000000000e+00
-2.991519999999999735e-01
0.000000000000000000e+00
0.000000000000000000e+00
0.000000000000000000e+00
-1.436050000000000104e-01
-1.510610000000000008e-01
0.000000000000000000e+00
-1.491020000000000019e-02
-2.367370000000000030e-01
0.000000000000000000e+00
-5.972690000000000499e-01
-2.580630000000000077e-02
0.000000000000000000e+00
0.000000000000000000e+00
0.000000000000000000e+00
0.000000000000000000e+00
0.000000000000000000e+00
0.000000000000000000e+00
0.000000000000000000e+00
-7.041250000000000009e-01
-1.909299999999999886e-02
0.000000000000000000e+00
0.000000000000000000e+00
0.000000000000000000e+00
0.000000000000000000e+00
0.000000000000000000e+00
0.000000000000000000e+00
0.000000000000000000e+00
-3.112429999999999919e-01
0.000000000000000000e+00
0.000000000000000000e+00
0.000000000000000000e+00
0.000000000000000000e+00
0.000000000000000000e+00
0.000000000000000000e+00
-6.037810000000000121e-01
0.000000000000000000e+00
0.000000000000000000e+00
-4.975959999999999828e-01
-1.715790000000000023e-02
0.000000000000000000e+00
-3.403990000000000071e-01
0.000000000000000000e+00
0.000000000000000000e+00
-1.318070000000000006e-02
0.000000000000000000e+00
-1.963040000000000063e-01
0.000000000000000000e+00
-2.719099999999999850e-01
0.000000000000000000e+00
0.000000000000000000e+00
-4.158859999999999779e-01
-4.407960000000000211e-01
0.000000000000000000e+00
0.000000000000000000e+00
0.000000000000000000e+00
0.000000000000000000e+00
-2.911030000000000006e-01
0.000000000000000000e+00
0.000000000000000000e+00
3.845279999999999809e-01
0.000000000000000000e+00
0.000000000000000000e+00
0.000000000000000000e+00
0.000000000000000000e+00
0.000000000000000000e+00
-3.705449999999999716e-02
-3.519329999999999958e-01
0.000000000000000000e+00
0.000000000000000000e+00
0.000000000000000000e+00
0.000000000000000000e+00
-2.477239999999999998e-01
1.655349999999999877e-01
0.000000000000000000e+00
0.000000000000000000e+00
0.000000000000000000e+00
0.000000000000000000e+00
0.000000000000000000e+00
0.000000000000000000e+00
0.000000000000000000e+00
0.000000000000000000e+00
0.000000000000000000e+00
0.000000000000000000e+00
0.000000000000000000e+00
0.000000000000000000e+00
0.000000000000000000e+00
4.652780000000000249e-01
0.000000000000000000e+00
0.000000000000000000e+00
0.000000000000000000e+00
0.000000000000000000e+00
0.000000000000000000e+00
0.000000000000000000e+00
0.000000000000000000e+00
0.000000000000000000e+00
0.000000000000000000e+00
0.000000000000000000e+00
-7.688490000000000046e-01
-6.376289999999999736e-02
0.000000000000000000e+00
0.000000000000000000e+00
0.000000000000000000e+00
0.000000000000000000e+00
0.000000000000000000e+00
0.000000000000000000e+00
0.000000000000000000e+00
0.000000000000000000e+00
0.000000000000000000e+00
0.000000000000000000e+00
-3.230359999999999898e-01
0.000000000000000000e+00
0.000000000000000000e+00
0.000000000000000000e+00
0.000000000000000000e+00
-1.925709999999999922e-01
7.590150000000000369e-03
0.000000000000000000e+00
-3.803860000000000019e-01
2.018220000000000083e-02
0.000000000000000000e+00
-1.103480000000000016e+00
0.000000000000000000e+00
0.000000000000000000e+00
0.000000000000000000e+00
0.000000000000000000e+00
8.832289999999999586e-02
0.000000000000000000e+00
-3.573649999999999882e-01
0.000000000000000000e+00
0.000000000000000000e+00
0.000000000000000000e+00
0.000000000000000000e+00
0.000000000000000000e+00
0.000000000000000000e+00
0.000000000000000000e+00
0.000000000000000000e+00
0.000000000000000000e+00
0.000000000000000000e+00
0.000000000000000000e+00
0.000000000000000000e+00
-5.638090000000000046e-01
0.000000000000000000e+00
0.000000000000000000e+00
0.000000000000000000e+00
0.000000000000000000e+00
0.000000000000000000e+00
4.208549999999999791e-01
0.000000000000000000e+00
0.000000000000000000e+00
0.000000000000000000e+00
0.000000000000000000e+00
0.000000000000000000e+00
0.000000000000000000e+00
0.000000000000000000e+00
0.000000000000000000e+00
0.000000000000000000e+00
0.000000000000000000e+00
0.000000000000000000e+00
0.000000000000000000e+00
0.000000000000000000e+00
0.000000000000000000e+00
0.000000000000000000e+00
0.000000000000000000e+00
0.000000000000000000e+00
0.000000000000000000e+00
2.150019999999999987e-01
0.000000000000000000e+00
3.330569999999999919e-01
0.000000000000000000e+00
0.000000000000000000e+00
0.000000000000000000e+00
0.000000000000000000e+00
0.000000000000000000e+00
0.000000000000000000e+00
0.000000000000000000e+00
0.000000000000000000e+00
0.000000000000000000e+00
0.000000000000000000e+00
0.000000000000000000e+00
0.000000000000000000e+00
