7.030720000000000025e-02
-1.321890000000000009e-01
0.000000000000000000e+00
1.028929999999999900e+00
0.000000000000000000e+00
0.000000000000000000e+00
1.477510000000000021e-03
1.709160000000000013e+00
0.000000000000000000e+00
0.000000000000000000e+00
0.000000000000000000e+00
0.000000000000000000e+00
4.564920000000000089e-01
0.000000000000000000e+00
0.000000000000000000e+00
-6.608389999999999542e-01
0.000000000000000000e+00
5.675599999999999534e-01
3.229679999999999773e-01
0.000000000000000000e+00
0.000000000000000000e+00
0.000000000000000000e+00
0.000000000000000000e+00
9.394660000000000233e-01
0.000000000000000000e+00
0.000000000000000000e+00
1.216689999999999994e-01
0.000000000000000000e+00
0.000000000000000000e+00
0.000000000000000000e+00
0.000000000000000000e+00
0.000000000000000000e+00
0.000000000000000000e+00
0.000000000000000000e+00
1.207689999999999930e+00
0.000000000000000000e+00
0.000000000000000000e+00
0.000000000000000000e+00
5.205689999999999484e-01
0.000000000000000000e+00
5.879579999999999806e-01
1.896069999999999978e-01
0.000000000000000000e+00
0.000000000000000000e+00
0.000000000000000000e+00
-7.715830000000000188e-01
8.480419999999999625e-01
0.000000000000000000e+00
0.000000000000000000e+00
0.000000000000000000e+00
0.000000000000000000e+00
0.000000000000000000e+00
0.000000000000000000e+00
0.000000000000000000e+00
6.628330000000000055e-01
9.143750000000000488e-01
0.000000000000000000e+00
0.000000000000000000e+00
0.000000000000000000e+00
0.000000000000000000e+00
0.000000000000000000e+00
0.000000000000000000e+00
-6.927780000000000049e-01
0.000000000000000000e+00
3.892920000000000269e-01
-1.906750000000000111e-01
-3.933989999999999987e-01
0.000000000000000000e+00
-1.962869999999999893e-01
3.205519999999999897e-02
0.000000000000000000e+00
0.000000000000000000e+00
0.000000000000000000e+00
8.393730000000000357e-01
1.267139999999999933e-01
0.000000000000000000e+00
0.000000000000000000e+00
2.388160000000000005e-01
0.000000000000000000e+00
4.083669999999999661e-02
0.000000000000000000e+00
1.728599999999999914e+00
0.000000000000000000e+00
0.000000000000000000e+00
0.000000000000000000e+00
0.000000000000000000e+00
0.000000000000000000e+00
0.000000000000000000e+00
0.000000000000000000e+00
4.197230000000000127e-01
0.000000000000000000e+00
7.876549999999999940e-01
0.000000000000000000e+00
0.000000000000000000e+00
0.000000000000000000e+00
-3.726200000000000068e-01
0.000000000000000000e+00
0.000000000000000000e+00
0.000000000000000000e+00
-1.260670000000000124e-01
0.000000000000000000e+00
0.000000000000000000e+00
7.818600000000000549e-02
1.665190000000000003e-01
0.000000000000000000e+00
4.140179999999999971e-01
0.000000000000000000e+00
2.101049999999999862e-01
3.108520000000000172e-01
3.427589999999999804e-02
5.410409999999999942e-01
0.000000000000000000e+00
1.100430000000000019e+00
0.000000000000000000e+00
2.713999999999999746e-01
-3.861490000000000200e-01
0.000000000000000000e+00
1.087590000000000057e+00
0.000000000000000000e+00
0.000000000000000000e+00
0.000000000000000000e+00
0.000000000000000000e+00
1.310329999999999995e+00
0.000000000000000000e+00
4.045990000000000003e-02
0.000000000000000000e+00
6.337509999999999533e-01
0.000000000000000000e+00
0.000000000000000000e+00
1.581310000000000007e-02
1.918369999999999971e-03
0.000000000000000000e+00
0.000000000000000000e+00
8.567339999999999955e-01
-1.121079999999999993e-01
1.581280000000000019e+00
0.000000000000000000e+00
-4.052609999999999824e-01
1.343890000000000029e+00
3.594950000000000090e-01
0.000000000000000000e+00
-1.065870000000000012e-01
7.877810000000000368e-02
0.000000000000000000e+00
0.000000000000000000e+00
9.050759999999999916e-01
0.000000000000000000e+00
0.000000000000000000e+00
1.855509999999999937e-01
1.036379999999999940e-01
1.976050000000000029e-01
-5.671260000000000190e-02
0.000000000000000000e+00
0.000000000000000000e+00
0.000000000000000000e+00
0.000000000000000000e+00
4.691189999999999943e-02
-1.487670000000000103e-01
4.242780000000000162e-02
0.000000000000000000e+00
0.000000000000000000e+00
3.956770000000000009e-01
0.000000000000000000e+00
0.000000000000000000e+00
0.000000000000000000e+00
0.000000000000000000e+00
8.576390000000000402e-02
0.000000000000000000e+00
0.000000000000000000e+00
1.405110000000000081e+00
0.000000000000000000e+00
0.000000000000000000e+00
0.000000000000000000e+00
7.946109999999999562e-01
8.250699999999999701e-01
0.000000000000000000e+00
0.000000000000000000e+00
0.000000000000000000e+00
0.000000000000000000e+00
0.000000000000000000e+00
0.000000000000000000e+00
2.350669999999999843e-02
0.000000000000000000e+00
-7.818600000000000549e-02
0.000000000000000000e+00
0.000000000000000000e+00
4.830970000000000403e-03
0.000000000000000000e+00
0.000000000000000000e+00
5.500359999999999694e-01
0.000000000000000000e+00
6.517260000000000275e-01
0.000000000000000000e+00
0.000000000000000000e+00
-5.890149999999999553e-01
-1.050259999999999944e-01
0.000000000000000000e+00
0.000000000000000000e+00
0.000000000000000000e+00
0.000000000000000000e+00
0.000000000000000000e+00
0.000000000000000000e+00
-1.457680000000000087e-01
0.000000000000000000e+00
0.000000000000000000e+00
0.000000000000000000e+00
1.361339999999999995e+00
0.000000000000000000e+00
0.000000000000000000e+00
0.000000000000000000e+00
0.000000000000000000e+00
1.288040000000000074e+00
6.851250000000000395e-02
0.000000000000000000e+00
0.000000000000000000e+00
0.000000000000000000e+00
0.000000000000000000e+00
0.000000000000000000e+00
0.000000000000000000e+00
0.000000000000000000e+00
0.000000000000000000e+00
-2.312629999999999963e-01
0.000000000000000000e+00
0.000000000000000000e+00
0.000000000000000000e+00
0.000000000000000000e+00
8.995729999999999560e-01
0.000000000000000000e+00
0.000000000000000000e+00
0.000000000000000000e+00
0.000000000000000000e+00
0.000000000000000000e+00
0.000000000000000000e+00
0.000000000000000000e+00
0.000000000000000000e+00
0.000000000000000000e+00
0.000000000000000000e+00
0.000000000000000000e+00
0.000000000000000000e+00
4.801650000000000085e-01
0.000000000000000000e+00
5.877839999999999732e-01
0.000000000000000000e+00
0.000000000000000000e+00
0.000000000000000000e+00
0.000000000000000000e+00
8.396460000000000035e-02
-5.895519999999999927e-02
2.474240000000000050e-01
0.000000000000000000e+00
0.000000000000000000e+00
0.000000000000000000e+00
0.000000000000000000e+00
-3.590240000000000098e-01
0.000000000000000000e+00
-9.094269999999999854e-01
2.536300000000000221e-01
-8.255860000000000420e-01
0.000000000000000000e+00
0.000000000000000000e+00
0.000000000000000000e+00
0.000000000000000000e+00
0.000000000000000000e+00
0.000000000000000000e+00
0.000000000000000000e+00
0.000000000000000000e+00
0.000000000000000000e+00
0.000000000000000000e+00
0.000000000000000000e+00
0.000000000000000000e+00
0.000000000000000000e+00
0.000000000000000000e+00
-1.632649999999999935e-01
4.320359999999999756e-01
0.000000000000000000e+00
0.000000000000000000e+00
-5.347760000000000014e-03
-1.838130000000000042e-01
1.017860000000000015e-01
-3.909300000000000275e-02
-2.977190000000000114e-01
0.000000000000000000e+00
-8.917100000000000026e-01
0.000000000000000000e+00
0.000000000000000000e+00
2.134179999999999966e-01
0.000000000000000000e+00
0.000000000000000000e+00
0.000000000000000000e+00
0.000000000000000000e+00
0.000000000000000000e+00
0.000000000000000000e+00
6.782130000000000103e-02
-1.036379999999999940e-01
0.000000000000000000e+00
-7.255689999999999362e-02
-9.804459999999999564e-02
0.000000000000000000e+00
-8.135340000000000626e-02
0.000000000000000000e+00
0.000000000000000000e+00
0.000000000000000000e+00
0.000000000000000000e+00
-9.694700000000000539e-02
-4.995660000000000101e-01
0.000000000000000000e+00
0.000000000000000000e+00
1.295449999999999990e+00
0.000000000000000000e+00
2.537669999999999856e-02
0.000000000000000000e+00
0.000000000000000000e+00
-1.378209999999999991e-01
-9.201689999999999869e-02
-1.483339999999999936e-01
0.000000000000000000e+00
0.000000000000000000e+00
-4.351870000000000044e-02
-1.903199999999999892e-01
0.000000000000000000e+00
-5.339399999999999702e-01
0.000000000000000000e+00
0.000000000000000000e+00
-1.297429999999999972e-01
0.000000000000000000e+00
0.000000000000000000e+00
0.000000000000000000e+00
2.350859999999999894e-01
0.000000000000000000e+00
-1.580999999999999961e+00
0.000000000000000000e+00
-1.466399999999999926e-01
0.000000000000000000e+00
0.000000000000000000e+00
0.000000000000000000e+00
0.000000000000000000e+00
0.000000000000000000e+00
0.000000000000000000e+00
0.000000000000000000e+00
0.000000000000000000e+00
-3.974130000000000162e-01
0.000000000000000000e+00
0.000000000000000000e+00
0.000000000000000000e+00
0.000000000000000000e+00
0.000000000000000000e+00
4.412719999999999837e-02
0.000000000000000000e+00
0.000000000000000000e+00
0.000000000000000000e+00
0.000000000000000000e+00
0.000000000000000000e+00
0.000000000000000000e+00
0.000000000000000000e+00
-3.937140000000000084e-01
0.000000000000000000e+00
0.000000000000000000e+00
1.471570000000000100e-01
2.784010000000000096e-01
0.000000000000000000e+00
0.000000000000000000e+00
0.000000000000000000e+00
0.000000000000000000e+00
0.000000000000000000e+00
0.000000000000000000e+00
0.000000000000000000e+00
0.000000000000000000e+00
0.000000000000000000e+00
0.000000000000000000e+00
0.000000000000000000e+00
-2.020220000000000071e-01
0.000000000000000000e+00
9.447379999999999667e-01
0.000000000000000000e+00
0.000000000000000000e+00
0.000000000000000000e+00
0.000000000000000000e+00
0.000000000000000000e+00
0.000000000000000000e+00
0.000000000000000000e+00
0.000000000000000000e+00
0.000000000000000000e+00
0.000000000000000000e+00
-1.194309999999999983e+00
0.000000000000000000e+00
0.000000000000000000e+00
0.000000000000000000e+00
0.000000000000000000e+00
0.000000000000000000e+00
0.000000000000000000e+00
0.000000000000000000e+00
0.000000000000000000e+00
0.000000000000000000e+00
0.000000000000000000e+00
0.000000000000000000e+00
-2.607439999999999758e-01
0.000000000000000000e+00
0.000000000000000000e+00
0.000000000000000000e+00
0.000000000000000000e+00
-8.015350000000000252e-02
1.810279999999999945e-01
0.000000000000000000e+00
0.000000000000000000e+00
1.065870000000000012e-01
-4.884410000000000140e-01
0.000000000000000000e+00
0.000000000000000000e+00
0.000000000000000000e+00
-2.976940000000000142e-01
0.000000000000000000e+00
0.000000000000000000e+00
0.000000000000000000e+00
0.000000000000000000e+00
0.000000000000000000e+00
-3.004109999999999836e-01
0.000000000000000000e+00
0.000000000000000000e+00
0.000000000000000000e+00
-2.134179999999999966e-01
-1.949430000000000052e-01
0.000000000000000000e+00
0.000000000000000000e+00
0.000000000000000000e+00
0.000000000000000000e+00
0.000000000000000000e+00
0.000000000000000000e+00
8.299940000000000095e-01
0.000000000000000000e+00
0.000000000000000000e+00
0.000000000000000000e+00
0.000000000000000000e+00
4.926769999999999761e-01
0.000000000000000000e+00
0.000000000000000000e+00
0.000000000000000000e+00
0.000000000000000000e+00
0.000000000000000000e+00
0.000000000000000000e+00
0.000000000000000000e+00
-1.471570000000000100e-01
0.000000000000000000e+00
-9.012189999999999923e-01
0.000000000000000000e+00
-4.326380000000000225e-01
0.000000000000000000e+00
-6.466169999999999973e-01
0.000000000000000000e+00
-3.748929999999999763e-01
-1.376370000000000093e+00
0.000000000000000000e+00
0.000000000000000000e+00
0.000000000000000000e+00
0.000000000000000000e+00
-1.612030000000000129e-01
0.000000000000000000e+00
0.000000000000000000e+00
0.000000000000000000e+00
-3.892920000000000269e-01
0.000000000000000000e+00
0.000000000000000000e+00
0.000000000000000000e+00
0.000000000000000000e+00
0.000000000000000000e+00
0.000000000000000000e+00
0.000000000000000000e+00
