-1.015519999999999978e+00
8.673720000000000319e-01
0.000000000000000000e+00
-2.738649999999999807e+00
4.207659999999999734e-01
-1.181819999999999954e-01
-3.654100000000000126e+00
-4.781590000000000007e-01
1.131040000000000045e+00
1.128450000000000009e-01
9.828930000000000167e-01
-7.741690000000000182e+00
2.147689999999999877e+00
-6.581559999999999633e-01
1.030659999999999910e+00
9.364479999999999471e-01
1.639960000000000084e+00
6.374499999999999611e-01
3.097350000000000048e+00
-2.366159999999999819e+00
3.701829999999999843e-01
-8.749590000000000423e-01
-1.807940000000000103e+00
-3.100029999999999841e+00
2.350239999999999885e+00
-9.774230000000000418e-02
-4.374500000000000055e-01
-5.397070000000000478e-01
-4.282329999999999748e-01
1.024969999999999937e+00
