0.000000000000000000e+00
-4.107310000000000128e-01
0.000000000000000000e+00
0.000000000000000000e+00
0.000000000000000000e+00
0.000000000000000000e+00
2.394959999999999867e-01
0.000000000000000000e+00
0.000000000000000000e+00
7.442380000000000176e-03
0.000000000000000000e+00
0.000000000000000000e+00
0.000000000000000000e+00
0.000000000000000000e+00
0.000000000000000000e+00
0.000000000000000000e+00
2.687249999999999917e-01
-9.342480000000000229e-02
0.000000000000000000e+00
0.000000000000000000e+00
0.000000000000000000e+00
1.212830000000000019e-01
0.000000000000000000e+00
0.000000000000000000e+00
0.000000000000000000e+00
0.000000000000000000e+00
2.244270000000000032e-03
3.837900000000000200e-01
0.000000000000000000e+00
0.000000000000000000e+00
0.000000000000000000e+00
0.000000000000000000e+00
0.000000000000000000e+00
0.000000000000000000e+00
4.682799999999999740e-01
0.000000000000000000e+00
0.000000000000000000e+00
4.681529999999999858e-01
2.991489999999999982e-01
1.389019999999999977e-01
0.000000000000000000e+00
0.000000000000000000e+00
0.000000000000000000e+00
-4.420690000000000036e-02
0.000000000000000000e+00
0.000000000000000000e+00
0.000000000000000000e+00
1.444329999999999892e+00
0.000000000000000000e+00
0.000000000000000000e+00
0.000000000000000000e+00
0.000000000000000000e+00
1.830620000000000025e-01
0.000000000000000000e+00
0.000000000000000000e+00
0.000000000000000000e+00
4.946240000000000081e-01
0.000000000000000000e+00
0.000000000000000000e+00
3.955049999999999955e-01
0.000000000000000000e+00
0.000000000000000000e+00
0.000000000000000000e+00
0.000000000000000000e+00
-1.202099999999999974e-01
-5.092489999999999517e-01
0.000000000000000000e+00
0.000000000000000000e+00
3.432450000000000223e-01
0.000000000000000000e+00
0.000000000000000000e+00
0.000000000000000000e+00
-1.189990000000000103e+00
0.000000000000000000e+00
1.279910000000000103e+00
0.000000000000000000e+00
0.000000000000000000e+00
0.000000000000000000e+00
9.754880000000000217e-01
5.908800000000000163e-02
0.000000000000000000e+00
0.000000000000000000e+00
0.000000000000000000e+00
0.000000000000000000e+00
0.000000000000000000e+00
5.673080000000000345e-01
-5.520270000000000454e-01
0.000000000000000000e+00
0.000000000000000000e+00
0.000000000000000000e+00
0.000000000000000000e+00
0.000000000000000000e+00
0.000000000000000000e+00
0.000000000000000000e+00
-1.903150000000000119e-01
-3.160330000000000084e-01
0.000000000000000000e+00
0.000000000000000000e+00
0.000000000000000000e+00
0.000000000000000000e+00
0.000000000000000000e+00
0.000000000000000000e+00
7.425279999999999658e-01
0.000000000000000000e+00
0.000000000000000000e+00
0.000000000000000000e+00
0.000000000000000000e+00
3.454150000000000276e-01
0.000000000000000000e+00
0.000000000000000000e+00
0.000000000000000000e+00
0.000000000000000000e+00
4.093930000000000069e-01
-5.498950000000000227e-01
-5.652999999999999692e-02
0.000000000000000000e+00
0.000000000000000000e+00
0.000000000000000000e+00
0.000000000000000000e+00
0.000000000000000000e+00
0.000000000000000000e+00
0.000000000000000000e+00
0.000000000000000000e+00
0.000000000000000000e+00
2.840490000000000029e-02
0.000000000000000000e+00
0.000000000000000000e+00
-1.643600000000000061e-01
0.000000000000000000e+00
0.000000000000000000e+00
0.000000000000000000e+00
4.836189999999999760e-03
0.000000000000000000e+00
0.000000000000000000e+00
-1.030530000000000057e-01
0.000000000000000000e+00
0.000000000000000000e+00
1.148889999999999967e+00
0.000000000000000000e+00
0.000000000000000000e+00
1.387599999999999945e-01
0.000000000000000000e+00
0.000000000000000000e+00
0.000000000000000000e+00
0.000000000000000000e+00
-4.798540000000000028e-01
0.000000000000000000e+00
0.000000000000000000e+00
0.000000000000000000e+00
1.194940000000000030e-01
7.164239999999999498e-02
3.649530000000000274e-01
0.000000000000000000e+00
0.000000000000000000e+00
0.000000000000000000e+00
0.000000000000000000e+00
0.000000000000000000e+00
0.000000000000000000e+00
0.000000000000000000e+00
0.000000000000000000e+00
0.000000000000000000e+00
0.000000000000000000e+00
0.000000000000000000e+00
0.000000000000000000e+00
-3.770169999999999910e-01
2.015230000000000077e-01
0.000000000000000000e+00
0.000000000000000000e+00
1.195390000000000064e-01
0.000000000000000000e+00
0.000000000000000000e+00
0.000000000000000000e+00
8.395839999999999970e-01
8.788519999999999666e-01
0.000000000000000000e+00
0.000000000000000000e+00
0.000000000000000000e+00
0.000000000000000000e+00
0.000000000000000000e+00
0.000000000000000000e+00
-1.214390000000000053e-01
0.000000000000000000e+00
1.409829999999999972e-01
-5.855090000000000294e-02
-6.860049999999999482e-02
6.098350000000000298e-02
0.000000000000000000e+00
0.000000000000000000e+00
0.000000000000000000e+00
0.000000000000000000e+00
0.000000000000000000e+00
0.000000000000000000e+00
0.000000000000000000e+00
0.000000000000000000e+00
0.000000000000000000e+00
1.600100000000000133e-01
7.828390000000000348e-02
0.000000000000000000e+00
0.000000000000000000e+00
0.000000000000000000e+00
0.000000000000000000e+00
0.000000000000000000e+00
0.000000000000000000e+00
0.000000000000000000e+00
0.000000000000000000e+00
7.292849999999999611e-01
0.000000000000000000e+00
0.000000000000000000e+00
0.000000000000000000e+00
0.000000000000000000e+00
0.000000000000000000e+00
0.000000000000000000e+00
0.000000000000000000e+00
0.000000000000000000e+00
0.000000000000000000e+00
5.933030000000000248e-01
0.000000000000000000e+00
0.000000000000000000e+00
2.328530000000000044e-01
6.558850000000000513e-01
0.000000000000000000e+00
3.996469999999999884e-02
4.861840000000000050e-01
0.000000000000000000e+00
4.058399999999999785e-01
6.106530000000000014e-01
8.444739999999999469e-01
0.000000000000000000e+00
0.000000000000000000e+00
0.000000000000000000e+00
0.000000000000000000e+00
4.917079999999999888e-03
0.000000000000000000e+00
3.303070000000000173e-01
1.307619999999999894e-01
5.083729999999999638e-01
3.563439999999999941e-01
1.040689999999999893e+00
0.000000000000000000e+00
1.851899999999999935e-01
0.000000000000000000e+00
1.942510000000000070e-01
2.801839999999999886e+00
0.000000000000000000e+00
0.000000000000000000e+00
0.000000000000000000e+00
2.754280000000000062e-01
0.000000000000000000e+00
6.091629999999999961e-02
3.418649999999999745e-01
0.000000000000000000e+00
3.844199999999999839e-01
1.676189999999999902e-01
0.000000000000000000e+00
0.000000000000000000e+00
0.000000000000000000e+00
9.923119999999999719e-01
1.005120000000000013e+00
0.000000000000000000e+00
0.000000000000000000e+00
0.000000000000000000e+00
0.000000000000000000e+00
0.000000000000000000e+00
0.000000000000000000e+00
9.511509999999999687e-01
0.000000000000000000e+00
0.000000000000000000e+00
0.000000000000000000e+00
0.000000000000000000e+00
0.000000000000000000e+00
0.000000000000000000e+00
5.508859999999999868e-01
0.000000000000000000e+00
0.000000000000000000e+00
0.000000000000000000e+00
0.000000000000000000e+00
1.165280000000000066e-01
1.362069999999999892e+00
0.000000000000000000e+00
1.649039999999999950e-01
0.000000000000000000e+00
-2.749480000000000257e-01
-1.495239999999999903e-01
-3.943169999999999731e-01
-4.369379999999999931e-01
-4.293389999999999707e-02
-3.377439999999999887e-01
0.000000000000000000e+00
0.000000000000000000e+00
0.000000000000000000e+00
-5.709269999999999623e-01
0.000000000000000000e+00
-2.210429999999999895e-01
-6.578389999999999516e-01
0.000000000000000000e+00
0.000000000000000000e+00
-4.656620000000000203e-01
0.000000000000000000e+00
-1.780220000000000136e-01
0.000000000000000000e+00
0.000000000000000000e+00
0.000000000000000000e+00
-5.746320000000000316e-01
0.000000000000000000e+00
-1.173820000000000086e+00
-3.559979999999999811e-01
0.000000000000000000e+00
0.000000000000000000e+00
-1.523069999999999979e-01
-1.645629999999999871e-01
-4.115779999999999994e-01
0.000000000000000000e+00
0.000000000000000000e+00
-4.512019999999999920e-01
6.687939999999999996e-01
0.000000000000000000e+00
0.000000000000000000e+00
0.000000000000000000e+00
-5.429679999999999923e-02
0.000000000000000000e+00
-2.785469999999999891e-01
0.000000000000000000e+00
0.000000000000000000e+00
-1.730470000000000064e-01
5.331740000000000368e-01
0.000000000000000000e+00
0.000000000000000000e+00
-2.077849999999999975e-01
6.298329999999999762e-01
0.000000000000000000e+00
1.648219999999999963e-01
-1.993040000000000089e-01
0.000000000000000000e+00
-8.798019999999999730e-01
0.000000000000000000e+00
0.000000000000000000e+00
-2.474329999999999863e-01
0.000000000000000000e+00
0.000000000000000000e+00
0.000000000000000000e+00
0.000000000000000000e+00
0.000000000000000000e+00
0.000000000000000000e+00
0.000000000000000000e+00
-2.051409999999999900e-01
-1.661800000000000083e-02
-7.111009999999999553e-02
0.000000000000000000e+00
0.000000000000000000e+00
0.000000000000000000e+00
-1.022750000000000048e-02
-3.672940000000000094e-01
-3.160330000000000084e-01
0.000000000000000000e+00
0.000000000000000000e+00
0.000000000000000000e+00
1.411719999999999919e-01
-6.641139999999999821e-01
0.000000000000000000e+00
0.000000000000000000e+00
-7.872840000000000393e-02
0.000000000000000000e+00
0.000000000000000000e+00
0.000000000000000000e+00
6.949870000000000353e-03
0.000000000000000000e+00
0.000000000000000000e+00
-7.736709999999999421e-02
0.000000000000000000e+00
-9.034959999999999658e-01
-5.346710000000000178e-03
-7.290510000000000046e-02
0.000000000000000000e+00
0.000000000000000000e+00
0.000000000000000000e+00
0.000000000000000000e+00
0.000000000000000000e+00
0.000000000000000000e+00
0.000000000000000000e+00
0.000000000000000000e+00
0.000000000000000000e+00
0.000000000000000000e+00
0.000000000000000000e+00
-2.449230000000000018e-01
0.000000000000000000e+00
0.000000000000000000e+00
0.000000000000000000e+00
-4.553660000000000346e-02
0.000000000000000000e+00
0.000000000000000000e+00
0.000000000000000000e+00
0.000000000000000000e+00
0.000000000000000000e+00
0.000000000000000000e+00
0.000000000000000000e+00
0.000000000000000000e+00
0.000000000000000000e+00
0.000000000000000000e+00
0.000000000000000000e+00
0.000000000000000000e+00
-1.848059999999999981e-01
-3.367589999999999750e-01
0.000000000000000000e+00
0.000000000000000000e+00
5.295830000000000259e-01
-2.434830000000000050e-01
0.000000000000000000e+00
0.000000000000000000e+00
0.000000000000000000e+00
0.000000000000000000e+00
0.000000000000000000e+00
-1.178610000000000074e-02
0.000000000000000000e+00
0.000000000000000000e+00
0.000000000000000000e+00
0.000000000000000000e+00
0.000000000000000000e+00
1.811290000000000122e-01
0.000000000000000000e+00
0.000000000000000000e+00
-4.005399999999999933e-02
0.000000000000000000e+00
0.000000000000000000e+00
4.659650000000000181e-01
-5.071769999999999751e-02
0.000000000000000000e+00
0.000000000000000000e+00
0.000000000000000000e+00
0.000000000000000000e+00
0.000000000000000000e+00
0.000000000000000000e+00
0.000000000000000000e+00
0.000000000000000000e+00
0.000000000000000000e+00
-2.510729999999999906e-01
0.000000000000000000e+00
0.000000000000000000e+00
0.000000000000000000e+00
0.000000000000000000e+00
0.000000000000000000e+00
0.000000000000000000e+00
-3.748630000000000018e-02
-4.649699999999999667e-02
0.000000000000000000e+00
0.000000000000000000e+00
0.000000000000000000e+00
0.000000000000000000e+00
0.000000000000000000e+00
0.000000000000000000e+00
0.000000000000000000e+00
-7.313549999999999773e-01
1.086289999999999978e+00
0.000000000000000000e+00
0.000000000000000000e+00
1.415110000000000090e+00
0.000000000000000000e+00
0.000000000000000000e+00
0.000000000000000000e+00
0.000000000000000000e+00
0.000000000000000000e+00
0.000000000000000000e+00
0.000000000000000000e+00
0.000000000000000000e+00
0.000000000000000000e+00
0.000000000000000000e+00
0.000000000000000000e+00
