-1.158700000000000063e+00
-7.949960000000000360e-01
0.000000000000000000e+00
-7.900800000000000045e-01
0.000000000000000000e+00
-1.769489999999999952e-01
3.227470000000000061e-01
5.549359999999999848e-01
0.000000000000000000e+00
-3.520960000000000201e-01
1.022839999999999999e-01
1.470739999999999936e+00
-7.350520000000000387e-01
2.321880000000000055e-01
2.059120000000000061e+00
0.000000000000000000e+00
-2.252130000000000187e+00
-5.735569999999999835e-01
6.082509999999999861e-01
-1.489190000000000014e+00
3.888130000000000197e-01
-7.536739999999999551e-01
4.057950000000000168e-01
-5.331559999999999772e-02
4.433909999999999935e-02
-1.871830000000000105e+00
8.046529999999999516e-01
1.600340000000000096e+00
2.784079999999999888e-01
2.321880000000000055e-01
