2.472529999999999895e+00
3.247059999999999835e+00
2.793200000000000127e+00
2.992830000000000212e-01
2.484239999999999782e+00
7.253870000000000040e-01
0.000000000000000000e+00
3.666499999999999759e-01
-3.154810000000000114e-01
0.000000000000000000e+00
-2.043950000000000156e+00
1.639320000000000110e+00
-9.601739999999999720e-01
3.594330000000000025e-01
-7.424199999999999688e-01
-2.112310000000000021e-01
3.203110000000000124e+00
5.785919999999999952e-01
-2.894939999999999736e-01
-6.221700000000000230e+00
4.857699999999999796e-01
1.573070000000000024e-01
-3.964049999999999851e+00
-1.171620000000000106e+00
-2.483650000000000024e-01
4.453450000000000131e+00
-3.154959999999999987e+00
-4.077469999999999928e+00
-3.768409999999999815e+00
-4.188640000000000363e+00
