-1.646060000000000023e-01
-1.095839999999999925e+00
-3.426250000000000129e-02
0.000000000000000000e+00
-1.291120000000000045e-01
0.000000000000000000e+00
3.213040000000000340e-02
0.000000000000000000e+00
-3.195819999999999772e-01
-1.388159999999999950e-01
-3.116729999999999778e-01
0.000000000000000000e+00
-1.664670000000000039e-01
-1.907270000000000076e-01
1.130830000000000002e+00
-1.404519999999999935e-01
0.000000000000000000e+00
5.192940000000000056e-02
6.743190000000000295e-02
0.000000000000000000e+00
9.219389999999999530e-02
9.532060000000000533e-02
0.000000000000000000e+00
0.000000000000000000e+00
-3.744040000000000146e-01
-3.371649999999999925e-01
0.000000000000000000e+00
-1.042659999999999920e+00
0.000000000000000000e+00
2.509370000000000003e-02
-6.901639999999999997e-01
-4.853509999999999769e-01
0.000000000000000000e+00
0.000000000000000000e+00
0.000000000000000000e+00
0.000000000000000000e+00
0.000000000000000000e+00
1.866259999999999863e-01
-7.199089999999999656e-02
0.000000000000000000e+00
-8.515420000000000211e-01
3.384960000000000191e-01
-4.800440000000000262e-01
1.985590000000000133e-01
0.000000000000000000e+00
0.000000000000000000e+00
0.000000000000000000e+00
0.000000000000000000e+00
0.000000000000000000e+00
1.857850000000000057e-01
-4.486530000000000240e-01
0.000000000000000000e+00
6.458009999999999584e-01
-3.669140000000000179e-01
-5.167659999999999476e-01
3.515820000000000056e-01
0.000000000000000000e+00
1.455389999999999961e+00
0.000000000000000000e+00
0.000000000000000000e+00
-3.462109999999999910e-01
-9.407290000000000096e-02
0.000000000000000000e+00
0.000000000000000000e+00
-2.910570000000000102e-01
-2.121530000000000082e-01
-3.843409999999999882e-01
-8.933999999999999719e-01
-7.198029999999999706e-02
2.485660000000000092e-01
6.486290000000000111e-02
1.824689999999999923e-01
3.943550000000000111e-01
4.094780000000000086e-01
-2.456840000000000135e-01
2.939240000000000186e-01
-8.123589999999999978e-02
-4.907029999999999725e-02
0.000000000000000000e+00
0.000000000000000000e+00
0.000000000000000000e+00
1.567000000000000060e-01
0.000000000000000000e+00
0.000000000000000000e+00
0.000000000000000000e+00
-1.864339999999999886e-01
0.000000000000000000e+00
-3.725040000000000018e-01
0.000000000000000000e+00
0.000000000000000000e+00
0.000000000000000000e+00
1.873460000000000125e-01
0.000000000000000000e+00
0.000000000000000000e+00
-1.852479999999999960e-01
0.000000000000000000e+00
-2.056019999999999983e-03
-1.169049999999999923e+00
-4.224379999999999802e-02
-7.638890000000000402e-01
3.337499999999999911e-01
0.000000000000000000e+00
0.000000000000000000e+00
0.000000000000000000e+00
2.308369999999999866e-01
6.290240000000000276e-01
0.000000000000000000e+00
0.000000000000000000e+00
-3.319849999999999746e-01
-1.521440000000000015e-01
-9.487389999999999712e-02
0.000000000000000000e+00
-8.955070000000000530e-01
-2.632560000000000108e-02
-3.156649999999999734e-01
0.000000000000000000e+00
0.000000000000000000e+00
-1.813950000000000007e-01
0.000000000000000000e+00
0.000000000000000000e+00
4.625360000000000027e-01
6.543019999999999392e-02
7.867370000000000266e-03
0.000000000000000000e+00
0.000000000000000000e+00
0.000000000000000000e+00
0.000000000000000000e+00
0.000000000000000000e+00
0.000000000000000000e+00
-1.464630000000000098e+00
0.000000000000000000e+00
0.000000000000000000e+00
-8.086110000000000519e-02
-2.919010000000000216e-01
0.000000000000000000e+00
2.994999999999999885e-01
4.594280000000000030e-01
-2.102430000000000132e-01
-3.768719999999999709e-02
-1.890380000000000116e-01
-3.479920000000000235e-02
1.871770000000000100e-01
0.000000000000000000e+00
-2.104489999999999972e-01
4.523199999999999790e-03
-1.850919999999999996e-02
-2.812580000000000080e-01
0.000000000000000000e+00
0.000000000000000000e+00
0.000000000000000000e+00
0.000000000000000000e+00
0.000000000000000000e+00
3.498789999999999956e-01
0.000000000000000000e+00
0.000000000000000000e+00
0.000000000000000000e+00
0.000000000000000000e+00
-2.253739999999999910e-01
-4.667250000000000010e-01
6.401620000000000088e-01
0.000000000000000000e+00
-1.686600000000000044e-01
-4.275639999999999996e-01
-3.728480000000000127e-01
-1.798909999999999954e-01
1.465970000000000051e-01
1.003220000000000001e+00
1.074889999999999901e+00
1.979200000000000126e-01
1.542469999999999952e-01
0.000000000000000000e+00
3.787550000000000083e-01
0.000000000000000000e+00
5.067850000000000410e-01
1.707450000000000079e-01
0.000000000000000000e+00
0.000000000000000000e+00
1.498069999999999957e-01
-4.590679999999999761e-01
3.928630000000000316e-02
1.374370000000000092e+00
1.677190000000000070e-01
2.756979999999999986e-01
0.000000000000000000e+00
0.000000000000000000e+00
1.590729999999999922e-01
-5.186250000000000027e-01
0.000000000000000000e+00
6.827929999999999833e-01
0.000000000000000000e+00
-1.369499999999999940e+00
0.000000000000000000e+00
0.000000000000000000e+00
1.435559999999999892e-01
8.860590000000000133e-02
0.000000000000000000e+00
0.000000000000000000e+00
0.000000000000000000e+00
1.133610000000000034e-01
0.000000000000000000e+00
-7.242819999999999814e-01
0.000000000000000000e+00
1.897999999999999965e-01
4.658860000000000223e-01
0.000000000000000000e+00
9.868090000000000195e-02
0.000000000000000000e+00
0.000000000000000000e+00
2.868519999999999959e-01
5.462169999999999526e-01
-8.128050000000000552e-02
0.000000000000000000e+00
0.000000000000000000e+00
0.000000000000000000e+00
0.000000000000000000e+00
0.000000000000000000e+00
1.419539999999999969e-01
2.117719999999999880e-01
3.409909999999999886e-01
0.000000000000000000e+00
0.000000000000000000e+00
-1.798460000000000059e-01
-3.510630000000000001e-02
0.000000000000000000e+00
-5.308140000000000081e-01
6.009989999999999499e-01
0.000000000000000000e+00
0.000000000000000000e+00
0.000000000000000000e+00
0.000000000000000000e+00
5.629330000000000167e-01
0.000000000000000000e+00
-7.030370000000000230e-01
0.000000000000000000e+00
-9.398790000000000200e-01
0.000000000000000000e+00
0.000000000000000000e+00
-5.317399999999999904e-02
0.000000000000000000e+00
0.000000000000000000e+00
0.000000000000000000e+00
0.000000000000000000e+00
0.000000000000000000e+00
0.000000000000000000e+00
5.972939999999999916e-01
-6.859399999999999942e-01
-7.021389999999999576e-02
1.701080000000000092e-01
4.108209999999999917e-01
-7.786239999999999828e-01
0.000000000000000000e+00
-1.272809999999999997e+00
0.000000000000000000e+00
5.512089999999999490e-01
-2.614900000000000002e+00
0.000000000000000000e+00
0.000000000000000000e+00
-3.704749999999999710e-02
0.000000000000000000e+00
0.000000000000000000e+00
-5.895960000000000090e-02
0.000000000000000000e+00
0.000000000000000000e+00
8.854130000000000056e-01
1.318699999999999872e-01
0.000000000000000000e+00
0.000000000000000000e+00
0.000000000000000000e+00
0.000000000000000000e+00
-2.830320000000000058e-02
0.000000000000000000e+00
4.349169999999999980e-01
-1.711949999999999930e-02
0.000000000000000000e+00
0.000000000000000000e+00
4.008140000000000036e-01
4.484310000000000240e-01
0.000000000000000000e+00
-2.136480000000000157e+00
-6.429409999999999847e-01
0.000000000000000000e+00
-4.255630000000000246e-01
0.000000000000000000e+00
0.000000000000000000e+00
1.849310000000000009e+00
0.000000000000000000e+00
-8.693750000000000089e-02
-1.073670000000000041e-01
0.000000000000000000e+00
0.000000000000000000e+00
-1.949079999999999979e-01
-6.327530000000000099e-01
-5.511209999999999720e-01
-2.771069999999999922e-01
0.000000000000000000e+00
-7.113680000000000003e-01
-1.883509999999999907e-01
9.353049999999999906e-03
0.000000000000000000e+00
0.000000000000000000e+00
0.000000000000000000e+00
0.000000000000000000e+00
-1.932860000000000134e-01
3.867450000000000054e-01
0.000000000000000000e+00
0.000000000000000000e+00
0.000000000000000000e+00
1.032790000000000097e+00
0.000000000000000000e+00
1.500979999999999981e+00
8.666120000000000489e-01
-1.491220000000000045e-01
0.000000000000000000e+00
0.000000000000000000e+00
0.000000000000000000e+00
2.998390000000000083e-02
0.000000000000000000e+00
0.000000000000000000e+00
-7.092110000000000358e-01
0.000000000000000000e+00
0.000000000000000000e+00
7.851230000000000153e-01
0.000000000000000000e+00
1.009710000000000107e+00
0.000000000000000000e+00
-5.656879999999999686e-01
0.000000000000000000e+00
-1.637699999999999989e-01
1.805499999999999883e-01
-7.656779999999999697e-01
0.000000000000000000e+00
0.000000000000000000e+00
0.000000000000000000e+00
0.000000000000000000e+00
-2.742459999999999898e-01
0.000000000000000000e+00
1.287149999999999926e-02
-9.832980000000000054e-01
4.682150000000000201e-02
-4.236530000000000018e-01
0.000000000000000000e+00
-9.190049999999999608e-02
1.290729999999999933e+00
0.000000000000000000e+00
-8.559840000000000504e-02
2.482270000000000032e-01
3.859899999999999998e-01
-4.757440000000000002e-01
0.000000000000000000e+00
-2.207610000000000128e-01
0.000000000000000000e+00
0.000000000000000000e+00
3.098440000000000083e-01
-5.347469999999999724e-01
0.000000000000000000e+00
-3.756339999999999939e-03
2.922609999999999930e-01
2.074350000000000083e-01
0.000000000000000000e+00
0.000000000000000000e+00
-8.733279999999999932e-01
0.000000000000000000e+00
0.000000000000000000e+00
-5.956139999999999768e-01
0.000000000000000000e+00
-1.469689999999999941e+00
0.000000000000000000e+00
0.000000000000000000e+00
-7.828599999999999448e-02
-1.123480000000000034e+00
0.000000000000000000e+00
-2.032170000000000087e-01
3.820459999999999967e-01
0.000000000000000000e+00
0.000000000000000000e+00
0.000000000000000000e+00
-1.219750000000000001e-02
9.090789999999999635e-03
0.000000000000000000e+00
1.710740000000000038e-01
3.491600000000000259e-01
2.720429999999999793e-01
0.000000000000000000e+00
1.029600000000000071e+00
0.000000000000000000e+00
-3.120459999999999900e-02
-5.472709999999999519e-01
-1.448490000000000021e-02
-5.725729999999999986e-01
1.899579999999999880e-01
-9.523659999999999765e-03
0.000000000000000000e+00
0.000000000000000000e+00
0.000000000000000000e+00
-1.020049999999999985e-01
0.000000000000000000e+00
0.000000000000000000e+00
-1.529699999999999949e-01
-1.728320000000000134e-01
-2.092249999999999943e-01
-1.213719999999999910e+00
0.000000000000000000e+00
2.015109999999999957e-01
0.000000000000000000e+00
0.000000000000000000e+00
-1.729100000000000081e-01
0.000000000000000000e+00
0.000000000000000000e+00
4.022859999999999769e-01
0.000000000000000000e+00
-2.532989999999999964e-01
-1.084259999999999946e-01
0.000000000000000000e+00
0.000000000000000000e+00
-9.886689999999999368e-02
-5.189319999999999489e-01
-6.002530000000000365e-01
1.745299999999999976e-02
-2.358119999999999938e-01
0.000000000000000000e+00
0.000000000000000000e+00
6.391649999999999832e-01
0.000000000000000000e+00
0.000000000000000000e+00
0.000000000000000000e+00
0.000000000000000000e+00
0.000000000000000000e+00
4.137640000000000207e-01
0.000000000000000000e+00
-7.500059999999999505e-01
0.000000000000000000e+00
-1.355989999999999973e-01
-3.522759999999999780e-02
0.000000000000000000e+00
8.661099999999999355e-02
0.000000000000000000e+00
1.146570000000000089e+00
0.000000000000000000e+00
0.000000000000000000e+00
0.000000000000000000e+00
0.000000000000000000e+00
0.000000000000000000e+00
-6.797549999999999981e-01
-3.867729999999999779e-01
0.000000000000000000e+00
4.410029999999999784e-01
0.000000000000000000e+00
0.000000000000000000e+00
6.397790000000000421e-02
9.426240000000000660e-03
2.867469999999999741e-01
-5.132250000000000423e-01
1.098429999999999962e-01
0.000000000000000000e+00
0.000000000000000000e+00
0.000000000000000000e+00
0.000000000000000000e+00
0.000000000000000000e+00
0.000000000000000000e+00
2.208839999999999970e-01
0.000000000000000000e+00
0.000000000000000000e+00
0.000000000000000000e+00
5.422420000000000018e-01
0.000000000000000000e+00
4.523849999999999816e-01
0.000000000000000000e+00
0.000000000000000000e+00
0.000000000000000000e+00
2.386580000000000090e-01
-1.922020000000000117e-01
0.000000000000000000e+00
0.000000000000000000e+00
-1.005930000000000019e-01
-9.918689999999999451e-02
0.000000000000000000e+00
0.000000000000000000e+00
-2.213340000000000030e-01
-2.024940000000000073e-01
0.000000000000000000e+00
3.828289999999999749e-01
-1.088469999999999993e-01
6.684620000000000006e-01
0.000000000000000000e+00
9.278100000000000236e-01
-4.756730000000000125e-01
0.000000000000000000e+00
0.000000000000000000e+00
-7.958579999999999544e-01
-3.812180000000000013e-01
0.000000000000000000e+00
0.000000000000000000e+00
-4.187919999999999976e-01
-4.399130000000000228e-03
-3.972330000000000028e-01
2.121139999999999831e-02
4.504659999999999775e-01
5.888919999999999710e-01
4.530080000000000218e-01
0.000000000000000000e+00
1.710770000000000068e-01
1.702069999999999972e+00
1.327330000000000003e-02
0.000000000000000000e+00
1.631340000000000012e-01
0.000000000000000000e+00
-1.190589999999999982e-01
2.369130000000000125e-01
8.857840000000000158e-01
-1.440099999999999991e-01
0.000000000000000000e+00
0.000000000000000000e+00
0.000000000000000000e+00
9.820539999999999825e-02
9.337530000000000552e-01
5.571249999999999813e-01
3.057119999999999976e-02
0.000000000000000000e+00
1.444160000000000110e+00
1.808009999999999895e+00
1.369950000000000001e+00
-5.377080000000000228e-03
-3.699649999999999883e-01
0.000000000000000000e+00
1.239880000000000010e-01
2.483039999999999969e-01
0.000000000000000000e+00
4.155320000000000125e-01
0.000000000000000000e+00
0.000000000000000000e+00
1.627119999999999955e-01
-1.711360000000000103e-01
0.000000000000000000e+00
-6.946769999999999334e-02
0.000000000000000000e+00
0.000000000000000000e+00
8.992650000000000643e-02
5.094619999999999704e-01
0.000000000000000000e+00
1.980449999999999988e-01
0.000000000000000000e+00
6.296119999999999495e-01
3.108420000000000072e-01
0.000000000000000000e+00
4.298350000000000226e-01
0.000000000000000000e+00
0.000000000000000000e+00
0.000000000000000000e+00
1.399070000000000036e+00
3.250009999999999843e-01
1.115010000000000057e+00
3.111099999999999977e-01
0.000000000000000000e+00
0.000000000000000000e+00
7.511849999999999916e-01
5.007770000000000277e-02
0.000000000000000000e+00
3.300489999999999813e-01
0.000000000000000000e+00
9.715249999999999719e-01
0.000000000000000000e+00
0.000000000000000000e+00
7.436679999999999957e-01
0.000000000000000000e+00
0.000000000000000000e+00
0.000000000000000000e+00
4.398459999999999870e-02
3.887669999999999737e-01
6.730969999999999454e-01
1.072689999999999921e+00
-1.862350000000000116e-01
1.158390000000000031e+00
2.470479999999999898e-01
0.000000000000000000e+00
2.811560000000000170e-01
0.000000000000000000e+00
4.935820000000000207e-01
0.000000000000000000e+00
6.787109999999999532e-01
0.000000000000000000e+00
0.000000000000000000e+00
8.607420000000000349e-02
0.000000000000000000e+00
0.000000000000000000e+00
5.180649999999999977e-01
-1.826409999999999839e-02
0.000000000000000000e+00
0.000000000000000000e+00
2.988669999999999868e-02
9.932209999999999650e-02
2.109779999999999989e-01
1.672299999999999898e-01
1.405959999999999988e-01
9.112009999999999554e-02
6.635169999999999957e-02
-1.863489999999999869e-01
0.000000000000000000e+00
0.000000000000000000e+00
0.000000000000000000e+00
2.870860000000000078e-01
-2.298080000000000123e-01
1.624579999999999913e+00
6.212149999999999617e-01
0.000000000000000000e+00
-3.999380000000000296e-02
0.000000000000000000e+00
2.299289999999999945e-01
-7.211999999999999661e-03
2.238829999999999987e-01
0.000000000000000000e+00
-1.835440000000000127e-01
0.000000000000000000e+00
0.000000000000000000e+00
6.080349999999999921e-01
0.000000000000000000e+00
0.000000000000000000e+00
0.000000000000000000e+00
1.046340000000000048e+00
0.000000000000000000e+00
-2.618309999999999804e-01
3.059620000000000048e-02
8.394319999999999560e-02
0.000000000000000000e+00
0.000000000000000000e+00
1.591390000000000082e+00
2.625629999999999908e-01
3.395039999999999725e-01
0.000000000000000000e+00
0.000000000000000000e+00
0.000000000000000000e+00
7.938140000000000196e-01
0.000000000000000000e+00
3.088170000000000082e-01
1.722360000000000002e-01
7.569050000000000500e-01
1.544820000000000082e-01
6.976569999999999716e-01
5.732030000000000181e-01
2.463100000000000012e-01
1.800720000000000098e-01
0.000000000000000000e+00
0.000000000000000000e+00
3.794080000000000230e-01
5.626560000000000450e-01
0.000000000000000000e+00
0.000000000000000000e+00
-2.055859999999999910e-01
1.160090000000000066e+00
3.769750000000000045e-01
2.295830000000000093e-01
-2.562949999999999950e-02
3.669689999999999896e-01
0.000000000000000000e+00
0.000000000000000000e+00
4.319950000000000179e-01
0.000000000000000000e+00
2.096729999999999983e-01
0.000000000000000000e+00
0.000000000000000000e+00
0.000000000000000000e+00
6.044310000000000516e-01
-4.709549999999999847e-02
0.000000000000000000e+00
6.344600000000000239e-01
4.436030000000000251e-01
6.826849999999999863e-01
0.000000000000000000e+00
0.000000000000000000e+00
5.871690000000000520e-01
2.496109999999999995e-01
9.692749999999999977e-01
0.000000000000000000e+00
-2.278810000000000002e-01
0.000000000000000000e+00
0.000000000000000000e+00
4.095179999999999931e-01
0.000000000000000000e+00
3.297730000000000106e-02
1.522119999999999862e-01
1.828180000000000083e-01
0.000000000000000000e+00
4.593579999999999885e-02
0.000000000000000000e+00
0.000000000000000000e+00
5.210569999999999924e-01
0.000000000000000000e+00
2.867959999999999954e-01
3.253929999999999878e-01
0.000000000000000000e+00
0.000000000000000000e+00
0.000000000000000000e+00
0.000000000000000000e+00
-7.483249999999999624e-02
0.000000000000000000e+00
0.000000000000000000e+00
9.617179999999999618e-01
0.000000000000000000e+00
3.626409999999999911e-01
0.000000000000000000e+00
0.000000000000000000e+00
0.000000000000000000e+00
0.000000000000000000e+00
0.000000000000000000e+00
2.390649999999999997e-01
0.000000000000000000e+00
0.000000000000000000e+00
0.000000000000000000e+00
0.000000000000000000e+00
0.000000000000000000e+00
-2.302529999999999855e-02
0.000000000000000000e+00
0.000000000000000000e+00
0.000000000000000000e+00
0.000000000000000000e+00
6.987339999999999662e-01
0.000000000000000000e+00
0.000000000000000000e+00
0.000000000000000000e+00
0.000000000000000000e+00
4.444429999999999770e-01
0.000000000000000000e+00
8.223620000000000374e-01
0.000000000000000000e+00
4.675309999999999883e-02
6.067809999999999870e-03
0.000000000000000000e+00
0.000000000000000000e+00
1.317909999999999915e+00
0.000000000000000000e+00
0.000000000000000000e+00
0.000000000000000000e+00
-4.432050000000000156e-01
5.907020000000000326e-02
0.000000000000000000e+00
0.000000000000000000e+00
0.000000000000000000e+00
0.000000000000000000e+00
4.802460000000000062e-01
0.000000000000000000e+00
0.000000000000000000e+00
0.000000000000000000e+00
-2.038760000000000017e-01
0.000000000000000000e+00
0.000000000000000000e+00
-6.385229999999999517e-01
2.233620000000000050e-01
0.000000000000000000e+00
0.000000000000000000e+00
1.402730000000000032e+00
6.168470000000000342e-01
0.000000000000000000e+00
0.000000000000000000e+00
-1.098510000000000042e-01
2.997600000000000264e-01
0.000000000000000000e+00
0.000000000000000000e+00
2.190660000000000090e-03
0.000000000000000000e+00
1.534739999999999993e-01
5.214929999999999843e-01
6.613729999999999887e-01
0.000000000000000000e+00
2.303459999999999952e-01
8.584389999999999521e-01
0.000000000000000000e+00
0.000000000000000000e+00
0.000000000000000000e+00
0.000000000000000000e+00
0.000000000000000000e+00
1.764860000000000040e-02
0.000000000000000000e+00
1.248960000000000070e+00
-3.832579999999999876e-01
3.476629999999999998e-01
1.049139999999999934e-01
0.000000000000000000e+00
2.140120000000000078e-01
0.000000000000000000e+00
0.000000000000000000e+00
-2.782519999999999993e-01
-8.956199999999999717e-01
0.000000000000000000e+00
0.000000000000000000e+00
0.000000000000000000e+00
0.000000000000000000e+00
0.000000000000000000e+00
-2.829849999999999866e-01
0.000000000000000000e+00
-1.259250000000000091e-01
0.000000000000000000e+00
-3.856530000000000236e-01
1.433840000000000003e+00
0.000000000000000000e+00
0.000000000000000000e+00
-2.142189999999999928e-01
-2.217149999999999954e-01
0.000000000000000000e+00
-1.884250000000000091e-01
4.023280000000000189e-01
0.000000000000000000e+00
0.000000000000000000e+00
0.000000000000000000e+00
0.000000000000000000e+00
0.000000000000000000e+00
0.000000000000000000e+00
0.000000000000000000e+00
-8.564619999999999456e-01
0.000000000000000000e+00
0.000000000000000000e+00
-5.612489999999999979e-01
-6.301039999999999974e-01
-4.313029999999999919e-01
0.000000000000000000e+00
4.056960000000000011e-01
-1.512709999999999999e+00
-5.925200000000000466e-01
0.000000000000000000e+00
0.000000000000000000e+00
0.000000000000000000e+00
9.752700000000000258e-02
-2.936630000000000074e-01
0.000000000000000000e+00
-1.844659999999999966e+00
0.000000000000000000e+00
-8.551390000000000380e-02
0.000000000000000000e+00
0.000000000000000000e+00
0.000000000000000000e+00
0.000000000000000000e+00
0.000000000000000000e+00
-2.039569999999999994e-01
-1.295139999999999902e-01
0.000000000000000000e+00
-1.119160000000000016e-01
2.932509999999999839e-01
-4.378179999999999850e-01
0.000000000000000000e+00
-2.061000000000000054e-01
0.000000000000000000e+00
2.194159999999999860e-02
0.000000000000000000e+00
0.000000000000000000e+00
-2.155160000000000131e-01
0.000000000000000000e+00
-8.078269999999999618e-01
0.000000000000000000e+00
-6.522079999999999544e-02
0.000000000000000000e+00
-1.031370000000000064e-01
-1.764489999999999947e-01
0.000000000000000000e+00
0.000000000000000000e+00
0.000000000000000000e+00
0.000000000000000000e+00
-3.562159999999999771e-01
0.000000000000000000e+00
0.000000000000000000e+00
0.000000000000000000e+00
0.000000000000000000e+00
-1.002730000000000010e-01
-2.752899999999999792e-01
-1.445510000000000128e-01
0.000000000000000000e+00
0.000000000000000000e+00
1.929689999999999878e-02
0.000000000000000000e+00
0.000000000000000000e+00
-3.328920000000000212e-01
0.000000000000000000e+00
3.127220000000000000e-01
0.000000000000000000e+00
0.000000000000000000e+00
0.000000000000000000e+00
0.000000000000000000e+00
-7.375739999999999519e-01
-8.044769999999999976e-01
0.000000000000000000e+00
0.000000000000000000e+00
0.000000000000000000e+00
-1.137539999999999940e-01
0.000000000000000000e+00
-5.437539999999999596e-01
-1.245749999999999913e+00
0.000000000000000000e+00
0.000000000000000000e+00
-1.182679999999999954e+00
-1.503440000000000054e-01
-4.258959999999999968e-01
-6.488380000000000258e-01
1.110449999999999979e-02
0.000000000000000000e+00
-2.978069999999999884e-01
0.000000000000000000e+00
0.000000000000000000e+00
1.093549999999999939e-01
-6.080750000000000322e-01
4.328929999999999723e-01
0.000000000000000000e+00
0.000000000000000000e+00
0.000000000000000000e+00
-3.839040000000000230e-01
-1.119269999999999987e+00
-8.899700000000000666e-02
0.000000000000000000e+00
0.000000000000000000e+00
0.000000000000000000e+00
0.000000000000000000e+00
-1.231329999999999925e-02
0.000000000000000000e+00
0.000000000000000000e+00
3.282639999999999864e-02
0.000000000000000000e+00
0.000000000000000000e+00
0.000000000000000000e+00
-2.376469999999999971e-02
-6.910199999999999676e-01
0.000000000000000000e+00
0.000000000000000000e+00
0.000000000000000000e+00
0.000000000000000000e+00
0.000000000000000000e+00
-8.187609999999999333e-02
0.000000000000000000e+00
0.000000000000000000e+00
0.000000000000000000e+00
0.000000000000000000e+00
0.000000000000000000e+00
9.248549999999999827e-02
0.000000000000000000e+00
0.000000000000000000e+00
0.000000000000000000e+00
-5.820830000000000171e-01
-1.616839999999999944e-01
0.000000000000000000e+00
0.000000000000000000e+00
0.000000000000000000e+00
0.000000000000000000e+00
0.000000000000000000e+00
0.000000000000000000e+00
-7.419660000000000144e-02
-1.951209999999999889e-01
0.000000000000000000e+00
0.000000000000000000e+00
0.000000000000000000e+00
1.253749999999999865e-01
-2.697539999999999938e-01
0.000000000000000000e+00
-2.691160000000000219e-01
-2.977580000000000227e-01
0.000000000000000000e+00
0.000000000000000000e+00
-2.582610000000000114e-02
-1.220499999999999918e+00
0.000000000000000000e+00
3.477480000000000016e-01
1.234530000000000002e-02
0.000000000000000000e+00
0.000000000000000000e+00
-1.778359999999999941e+00
-2.703840000000000132e-01
0.000000000000000000e+00
0.000000000000000000e+00
-1.106840000000000046e+00
0.000000000000000000e+00
0.000000000000000000e+00
0.000000000000000000e+00
0.000000000000000000e+00
-3.049620000000000108e-01
0.000000000000000000e+00
5.364290000000000447e-01
0.000000000000000000e+00
-7.034559999999999702e-01
0.000000000000000000e+00
0.000000000000000000e+00
3.342890000000000028e-01
0.000000000000000000e+00
-3.704419999999999935e-01
0.000000000000000000e+00
0.000000000000000000e+00
0.000000000000000000e+00
0.000000000000000000e+00
5.485839999999999606e-01
0.000000000000000000e+00
0.000000000000000000e+00
0.000000000000000000e+00
0.000000000000000000e+00
-9.197020000000000195e-01
0.000000000000000000e+00
0.000000000000000000e+00
0.000000000000000000e+00
-2.872080000000000188e-01
-3.252809999999999868e-01
-2.710549999999999904e-01
0.000000000000000000e+00
-2.645649999999999825e-03
-5.492200000000000415e-01
3.120200000000000196e-01
-1.527820000000000011e-01
-2.096399999999999930e-01
0.000000000000000000e+00
0.000000000000000000e+00
-9.339570000000000372e-01
0.000000000000000000e+00
0.000000000000000000e+00
-5.182560000000000500e-01
0.000000000000000000e+00
0.000000000000000000e+00
0.000000000000000000e+00
0.000000000000000000e+00
-1.742180000000000117e-01
0.000000000000000000e+00
-2.295399999999999940e-01
0.000000000000000000e+00
-2.511360000000000259e-01
0.000000000000000000e+00
0.000000000000000000e+00
-1.841500000000000081e-02
-4.474079999999999724e-01
-3.870390000000000219e-01
8.117860000000000353e-02
0.000000000000000000e+00
-9.317820000000000269e-02
0.000000000000000000e+00
-4.144899999999999973e-02
0.000000000000000000e+00
0.000000000000000000e+00
-1.178139999999999965e+00
0.000000000000000000e+00
0.000000000000000000e+00
0.000000000000000000e+00
0.000000000000000000e+00
0.000000000000000000e+00
0.000000000000000000e+00
-2.663130000000000219e-01
-2.533889999999999754e-01
0.000000000000000000e+00
3.642949999999999799e-01
-1.857410000000000005e+00
-1.586619999999999975e-01
0.000000000000000000e+00
0.000000000000000000e+00
0.000000000000000000e+00
0.000000000000000000e+00
1.167900000000000049e-01
-5.929010000000000113e-01
0.000000000000000000e+00
0.000000000000000000e+00
0.000000000000000000e+00
0.000000000000000000e+00
-2.754929999999999879e-01
0.000000000000000000e+00
-1.224650000000000016e+00
0.000000000000000000e+00
0.000000000000000000e+00
-5.567910000000000220e-02
0.000000000000000000e+00
0.000000000000000000e+00
-2.427950000000000108e-01
-2.468529999999999891e-01
-3.250270000000000103e-01
0.000000000000000000e+00
-8.605070000000000219e-01
0.000000000000000000e+00
0.000000000000000000e+00
-6.121870000000000089e-02
0.000000000000000000e+00
-3.619649999999999812e-01
0.000000000000000000e+00
9.956329999999999347e-02
0.000000000000000000e+00
-5.963330000000000020e-02
-2.287599999999999911e-01
4.286110000000000197e-01
0.000000000000000000e+00
0.000000000000000000e+00
-1.407619999999999982e-01
0.000000000000000000e+00
0.000000000000000000e+00
0.000000000000000000e+00
-7.327949999999999742e-01
0.000000000000000000e+00
0.000000000000000000e+00
-1.121040000000000014e-03
-2.139840000000000075e-01
0.000000000000000000e+00
1.569979999999999987e-02
-6.784860000000000335e-01
0.000000000000000000e+00
-9.863110000000000488e-01
-1.314230000000000120e-01
0.000000000000000000e+00
0.000000000000000000e+00
0.000000000000000000e+00
-2.416490000000000027e-01
0.000000000000000000e+00
0.000000000000000000e+00
0.000000000000000000e+00
0.000000000000000000e+00
0.000000000000000000e+00
0.000000000000000000e+00
-2.288920000000000121e-01
0.000000000000000000e+00
-3.066249999999999809e-01
0.000000000000000000e+00
0.000000000000000000e+00
-8.329930000000000667e-02
0.000000000000000000e+00
1.767309999999999992e-01
0.000000000000000000e+00
0.000000000000000000e+00
0.000000000000000000e+00
0.000000000000000000e+00
-5.304940000000000211e-01
0.000000000000000000e+00
0.000000000000000000e+00
3.465050000000000074e-01
0.000000000000000000e+00
0.000000000000000000e+00
0.000000000000000000e+00
5.706179999999999586e-01
1.960540000000000060e-01
0.000000000000000000e+00
5.048369999999999941e-02
0.000000000000000000e+00
-1.720029999999999892e-01
0.000000000000000000e+00
0.000000000000000000e+00
0.000000000000000000e+00
0.000000000000000000e+00
0.000000000000000000e+00
0.000000000000000000e+00
0.000000000000000000e+00
-2.162090000000000123e-01
-3.684299999999999797e-01
0.000000000000000000e+00
-1.984549999999999925e-01
-5.610049999999999759e-02
0.000000000000000000e+00
0.000000000000000000e+00
0.000000000000000000e+00
0.000000000000000000e+00
0.000000000000000000e+00
-6.842070000000000096e-02
0.000000000000000000e+00
1.915100000000000136e-01
0.000000000000000000e+00
0.000000000000000000e+00
0.000000000000000000e+00
-1.792519999999999891e+00
0.000000000000000000e+00
-9.278140000000000276e-01
5.591340000000000199e-01
0.000000000000000000e+00
-5.248880000000000212e-01
0.000000000000000000e+00
0.000000000000000000e+00
0.000000000000000000e+00
0.000000000000000000e+00
0.000000000000000000e+00
0.000000000000000000e+00
-3.475550000000000028e-01
0.000000000000000000e+00
0.000000000000000000e+00
-2.432360000000000078e-02
0.000000000000000000e+00
1.951009999999999966e-01
0.000000000000000000e+00
0.000000000000000000e+00
0.000000000000000000e+00
-7.008739999999999415e-02
-3.002190000000000136e-01
0.000000000000000000e+00
0.000000000000000000e+00
0.000000000000000000e+00
0.000000000000000000e+00
-7.349480000000000457e-01
-9.350840000000000540e-02
-1.072160000000000057e-01
-1.019560000000000050e-01
0.000000000000000000e+00
-3.243080000000000268e-02
0.000000000000000000e+00
0.000000000000000000e+00
1.234859999999999985e-01
2.646490000000000231e-01
0.000000000000000000e+00
0.000000000000000000e+00
0.000000000000000000e+00
-5.265039999999999998e-02
0.000000000000000000e+00
3.067630000000000079e-01
-7.049320000000000586e-02
0.000000000000000000e+00
0.000000000000000000e+00
-2.201319999999999943e+00
0.000000000000000000e+00
0.000000000000000000e+00
0.000000000000000000e+00
0.000000000000000000e+00
0.000000000000000000e+00
5.724789999999999740e-02
-8.068640000000000256e-01
0.000000000000000000e+00
-4.560949999999999727e-01
0.000000000000000000e+00
0.000000000000000000e+00
-3.886180000000000190e-01
-1.502370000000000094e-01
-2.199840000000000129e-01
-7.982930000000000303e-01
0.000000000000000000e+00
3.061860000000000137e-01
0.000000000000000000e+00
-7.390929999999999722e-02
0.000000000000000000e+00
0.000000000000000000e+00
0.000000000000000000e+00
-1.748530000000000084e-01
0.000000000000000000e+00
