0.000000000000000000e+00
-1.113240000000000007e+00
1.622869999999999868e-01
2.331679999999999864e-01
-8.532340000000000479e-01
0.000000000000000000e+00
2.316169999999999896e-01
0.000000000000000000e+00
0.000000000000000000e+00
6.287739999999999996e-03
-1.058869999999999950e-01
-2.895039999999999836e-01
0.000000000000000000e+00
-1.078329999999999983e-01
-4.089369999999999949e-01
-7.758869999999999656e-02
-1.615340000000000109e-01
-1.268469999999999986e+00
0.000000000000000000e+00
0.000000000000000000e+00
0.000000000000000000e+00
-1.960979999999999945e-01
0.000000000000000000e+00
0.000000000000000000e+00
0.000000000000000000e+00
0.000000000000000000e+00
2.766830000000000123e-01
-2.385319999999999940e-01
-8.552410000000000290e-01
-4.159800000000000164e-01
1.131879999999999969e-01
-1.000010000000000066e-01
0.000000000000000000e+00
-2.646409999999999929e+00
1.892169999999999963e-01
-3.534019999999999939e-01
2.343709999999999960e-01
4.293199999999999794e-01
0.000000000000000000e+00
1.340139999999999942e-01
-2.186729999999999841e+00
-2.310079999999999911e-01
-3.681610000000000160e-01
0.000000000000000000e+00
0.000000000000000000e+00
-4.834530000000000077e-02
0.000000000000000000e+00
1.322130000000000027e+00
-5.309770000000000323e-01
0.000000000000000000e+00
9.445910000000000070e-03
0.000000000000000000e+00
0.000000000000000000e+00
5.944809999999999678e-02
-5.309850000000000403e-01
-2.032799999999999885e-01
2.053419999999999968e-01
0.000000000000000000e+00
-6.838650000000000284e-02
9.864680000000000115e-01
0.000000000000000000e+00
2.341830000000000023e-01
-7.736909999999999621e-02
0.000000000000000000e+00
0.000000000000000000e+00
-1.420379999999999976e+00
-1.040240000000000054e+00
8.081639999999999935e-01
0.000000000000000000e+00
0.000000000000000000e+00
3.102860000000000062e-01
2.077680000000000152e-02
-8.336119999999999641e-02
1.073329999999999979e-01
-4.669579999999999842e-01
0.000000000000000000e+00
5.727989999999999471e-01
0.000000000000000000e+00
0.000000000000000000e+00
3.592440000000000078e-01
4.634639999999999871e-01
1.634009999999999907e-01
0.000000000000000000e+00
0.000000000000000000e+00
-1.584999999999999964e+00
-2.472930000000000128e-01
0.000000000000000000e+00
3.700939999999999785e-01
-3.354699999999999904e-01
0.000000000000000000e+00
0.000000000000000000e+00
0.000000000000000000e+00
0.000000000000000000e+00
4.971990000000000021e-01
-4.427309999999999857e-01
-1.039449999999999957e-01
0.000000000000000000e+00
-2.537229999999999763e-01
-9.032229999999999426e-02
0.000000000000000000e+00
0.000000000000000000e+00
0.000000000000000000e+00
6.787949999999999540e-02
-1.138090000000000046e+00
0.000000000000000000e+00
-2.227030000000000121e-01
0.000000000000000000e+00
-3.158970000000000056e+00
0.000000000000000000e+00
-2.602490000000000081e-01
-1.262939999999999896e-01
-1.223940000000000028e-01
0.000000000000000000e+00
-1.467590000000000006e-01
0.000000000000000000e+00
-3.636440000000000228e-01
-2.027049999999999963e-01
-2.175600000000000034e-01
-4.622910000000000214e-02
0.000000000000000000e+00
-2.879300000000000193e-01
0.000000000000000000e+00
-7.202159999999999673e-01
-1.496019999999999905e+00
3.481360000000000010e-01
4.993400000000000061e-01
0.000000000000000000e+00
8.316179999999999684e-01
-1.855229999999999935e-01
7.878200000000000480e-02
0.000000000000000000e+00
0.000000000000000000e+00
4.360600000000000032e-01
0.000000000000000000e+00
-1.096729999999999983e+00
0.000000000000000000e+00
0.000000000000000000e+00
5.874479999999999702e-01
4.269569999999999754e-01
0.000000000000000000e+00
0.000000000000000000e+00
0.000000000000000000e+00
2.577889999999999904e-01
-4.075599999999999778e-01
0.000000000000000000e+00
-1.593839999999999923e+00
0.000000000000000000e+00
-9.065330000000000610e-02
0.000000000000000000e+00
0.000000000000000000e+00
5.017530000000000046e-01
0.000000000000000000e+00
4.954219999999999735e-01
0.000000000000000000e+00
3.942360000000000309e-02
0.000000000000000000e+00
-5.737640000000000517e-01
0.000000000000000000e+00
-4.596689999999999943e-01
0.000000000000000000e+00
2.037789999999999879e-01
-9.908080000000000220e-01
0.000000000000000000e+00
0.000000000000000000e+00
6.958589999999999741e-03
1.779399999999999871e-01
-3.475469999999999948e-02
-1.440579999999999916e-01
9.897899999999999754e-02
0.000000000000000000e+00
-2.739349999999999841e-01
-2.365819999999999868e-01
-7.513720000000000399e-01
-1.922039999999999860e-02
6.932970000000000521e-01
1.891230000000000133e-01
0.000000000000000000e+00
-1.246490000000000098e+00
1.850729999999999986e+00
0.000000000000000000e+00
0.000000000000000000e+00
0.000000000000000000e+00
-5.989750000000000352e-01
1.036539999999999961e-01
-1.450239999999999863e-01
0.000000000000000000e+00
1.179749999999999965e-01
4.138339999999999796e-01
-1.046710000000000002e-01
0.000000000000000000e+00
-1.779470000000000107e+00
5.894129999999999647e-01
0.000000000000000000e+00
0.000000000000000000e+00
2.014640000000000042e-01
9.582830000000000514e-02
3.738310000000000244e-01
0.000000000000000000e+00
4.433790000000000231e-01
5.996639999999999748e-01
8.617609999999999992e-01
8.118659999999999766e-02
0.000000000000000000e+00
1.284810000000000008e+00
1.712839999999999918e-01
0.000000000000000000e+00
9.944209999999999994e-01
1.958439999999999903e-01
0.000000000000000000e+00
3.547089999999999965e-01
-2.629569999999999963e-01
0.000000000000000000e+00
1.875580000000000025e-01
0.000000000000000000e+00
0.000000000000000000e+00
0.000000000000000000e+00
0.000000000000000000e+00
2.712680000000000091e-01
2.626450000000000173e-01
0.000000000000000000e+00
5.916190000000000060e-01
5.179510000000000502e-01
0.000000000000000000e+00
7.182479999999999420e-02
5.029150000000000009e-01
0.000000000000000000e+00
2.702680000000000082e-01
1.075169999999999959e+00
6.439580000000000304e-01
3.081889999999999907e-01
7.539909999999999668e-02
0.000000000000000000e+00
1.898309999999999942e+00
2.484409999999999952e-01
3.104900000000000021e-02
1.344200000000000061e+00
4.635989999999999833e-01
1.432960000000000067e-01
0.000000000000000000e+00
8.565209999999999768e-01
5.875209999999999599e-01
8.310889999999999667e-01
0.000000000000000000e+00
-5.541660000000000336e-02
1.579939999999999900e+00
6.524320000000000119e-01
1.311370000000000036e-01
7.856959999999999500e-01
0.000000000000000000e+00
5.264389999999999903e-01
5.984599999999999920e-01
-1.233739999999999976e-01
7.296690000000000120e-01
2.029529999999999945e-01
7.396289999999999809e-01
1.118770000000000042e-01
3.119970000000000243e-01
0.000000000000000000e+00
5.808870000000000422e-01
6.023319999999999785e-01
1.065930000000000044e+00
-6.803730000000000055e-01
6.434149999999999592e-01
0.000000000000000000e+00
0.000000000000000000e+00
0.000000000000000000e+00
2.179590000000000138e+00
0.000000000000000000e+00
4.334959999999999924e-01
0.000000000000000000e+00
-2.876170000000000115e-01
4.108530000000000237e-01
-3.934750000000000192e-01
1.212769999999999904e+00
4.702609999999999846e-01
0.000000000000000000e+00
0.000000000000000000e+00
0.000000000000000000e+00
3.820559999999999928e-02
0.000000000000000000e+00
0.000000000000000000e+00
0.000000000000000000e+00
-3.539399999999999769e-01
-5.677039999999999864e-01
0.000000000000000000e+00
0.000000000000000000e+00
-3.412109999999999865e-01
0.000000000000000000e+00
4.511800000000000255e-01
-1.011330000000000062e+00
0.000000000000000000e+00
-1.196220000000000061e-01
-4.380499999999999949e-01
0.000000000000000000e+00
-1.218810000000000032e-02
0.000000000000000000e+00
-5.401410000000000239e-02
0.000000000000000000e+00
-5.342949999999999644e-01
0.000000000000000000e+00
3.481750000000000123e-01
0.000000000000000000e+00
0.000000000000000000e+00
-1.811939999999999940e-01
0.000000000000000000e+00
-1.379299999999999971e+00
-1.620729999999999948e-01
-1.731950000000000101e+00
0.000000000000000000e+00
6.047860000000000458e-01
-1.548819999999999919e-01
8.000790000000000679e-03
0.000000000000000000e+00
-2.817330000000000112e-01
-3.851820000000000244e-01
0.000000000000000000e+00
8.538090000000000401e-01
3.201049999999999729e-01
0.000000000000000000e+00
-9.901450000000000529e-02
-8.652130000000000098e-01
0.000000000000000000e+00
3.025089999999999724e-01
0.000000000000000000e+00
-1.542740000000000000e+00
0.000000000000000000e+00
1.085669999999999913e+00
8.889540000000000219e-01
6.155159999999999521e-01
0.000000000000000000e+00
9.029700000000000504e-01
0.000000000000000000e+00
0.000000000000000000e+00
-2.307539999999999869e-01
-1.097020000000000106e+00
0.000000000000000000e+00
6.764069999999999805e-01
2.101880000000000137e-01
3.792240000000000055e-01
0.000000000000000000e+00
0.000000000000000000e+00
0.000000000000000000e+00
-8.553950000000000442e-02
1.414960000000000107e-01
-7.846229999999999871e-02
3.271060000000000079e-01
1.642160000000000009e-01
-5.066950000000000065e-01
-7.554610000000000491e-01
-3.392129999999999868e-01
0.000000000000000000e+00
0.000000000000000000e+00
1.186640000000000056e-01
0.000000000000000000e+00
-2.837120000000000197e-01
-5.982150000000000523e-01
0.000000000000000000e+00
-2.913810000000000011e-02
4.080280000000000018e-01
4.610569999999999946e-01
5.658649999999999514e-01
-3.488450000000000162e-01
0.000000000000000000e+00
0.000000000000000000e+00
0.000000000000000000e+00
-4.452559999999999851e-01
0.000000000000000000e+00
0.000000000000000000e+00
-4.587840000000000251e-01
1.594059999999999921e-01
-3.037699999999999845e-01
0.000000000000000000e+00
-3.318380000000000218e-01
0.000000000000000000e+00
0.000000000000000000e+00
0.000000000000000000e+00
0.000000000000000000e+00
0.000000000000000000e+00
0.000000000000000000e+00
0.000000000000000000e+00
0.000000000000000000e+00
-1.153820000000000068e+00
4.514010000000000244e-02
0.000000000000000000e+00
0.000000000000000000e+00
0.000000000000000000e+00
0.000000000000000000e+00
-6.499909999999999854e-01
-6.990979999999999417e-02
0.000000000000000000e+00
0.000000000000000000e+00
-8.406529999999999836e-01
0.000000000000000000e+00
0.000000000000000000e+00
0.000000000000000000e+00
-2.256249999999999922e-02
0.000000000000000000e+00
0.000000000000000000e+00
0.000000000000000000e+00
0.000000000000000000e+00
0.000000000000000000e+00
0.000000000000000000e+00
-6.946220000000000172e-02
0.000000000000000000e+00
1.946900000000000019e-01
0.000000000000000000e+00
0.000000000000000000e+00
0.000000000000000000e+00
0.000000000000000000e+00
0.000000000000000000e+00
-4.320080000000000031e-01
0.000000000000000000e+00
-2.124840000000000062e-01
7.972550000000000470e-01
-6.642470000000000319e-01
0.000000000000000000e+00
0.000000000000000000e+00
1.077280000000000015e+00
0.000000000000000000e+00
0.000000000000000000e+00
-3.064450000000000229e-01
-3.586400000000000143e-01
-3.673870000000000191e-01
-1.303600000000000092e+00
-1.164260000000000073e+00
0.000000000000000000e+00
5.989400000000000279e-01
7.696779999999999733e-01
-5.241740000000000288e-01
-1.058810000000000029e+00
-1.035729999999999984e-01
0.000000000000000000e+00
0.000000000000000000e+00
1.414320000000000022e+00
-5.177490000000000148e-01
-5.426509999999999945e-01
0.000000000000000000e+00
0.000000000000000000e+00
0.000000000000000000e+00
-5.710100000000000176e-01
0.000000000000000000e+00
0.000000000000000000e+00
-6.313720000000000443e-01
-1.003179999999999961e+00
0.000000000000000000e+00
0.000000000000000000e+00
0.000000000000000000e+00
0.000000000000000000e+00
0.000000000000000000e+00
-1.034059999999999979e+00
-3.544389999999999930e+00
-3.177730000000000277e-01
-1.063629999999999992e-01
0.000000000000000000e+00
0.000000000000000000e+00
0.000000000000000000e+00
0.000000000000000000e+00
0.000000000000000000e+00
5.749060000000000281e-01
0.000000000000000000e+00
-4.312019999999999742e-01
-4.047370000000000134e-01
5.258599999999999941e-01
0.000000000000000000e+00
-9.078640000000000043e-01
1.955060000000000131e-01
