-3.194799999999999862e+00
7.570820000000000327e-02
0.000000000000000000e+00
-3.089179999999999815e+00
0.000000000000000000e+00
-3.513259999999999827e+00
-1.016599999999999948e+00
-1.444579999999999975e+00
0.000000000000000000e+00
1.020299999999999985e+00
3.098400000000000043e-01
-5.973309999999999453e-01
1.778740000000000043e-01
-1.882270000000000110e+00
0.000000000000000000e+00
-1.646120000000000083e-01
-2.829670000000000130e+00
0.000000000000000000e+00
0.000000000000000000e+00
0.000000000000000000e+00
-1.273170000000000135e-01
-2.627920000000000256e-01
0.000000000000000000e+00
-7.436650000000000205e-01
-1.373029999999999973e+00
0.000000000000000000e+00
-7.944900000000000295e-01
-4.023559999999999914e-01
-2.061380000000000212e+00
0.000000000000000000e+00
-1.244350000000000067e+00
-6.863380000000000036e-01
-8.375050000000000550e-01
0.000000000000000000e+00
-7.223349999999999493e-01
-4.216070000000000095e-01
0.000000000000000000e+00
0.000000000000000000e+00
-2.427049999999999930e+00
5.384100000000000552e-01
-1.337539999999999951e+00
7.845860000000000056e-01
0.000000000000000000e+00
-3.980429999999999802e-01
-3.533450000000000202e-01
-2.888249999999999984e-01
-4.136889999999999734e-01
-3.460020000000000095e+00
-1.549539999999999917e+00
2.343629999999999880e-01
-1.173119999999999941e+00
0.000000000000000000e+00
0.000000000000000000e+00
-6.055850000000000399e-01
0.000000000000000000e+00
1.212000000000000022e-01
-3.274080000000000101e+00
-5.955009999999999470e-01
4.594199999999999950e-01
0.000000000000000000e+00
3.841319999999999735e-01
1.231729999999999992e+00
-1.050329999999999986e+00
0.000000000000000000e+00
0.000000000000000000e+00
1.087809999999999992e-02
0.000000000000000000e+00
7.978650000000000464e-01
0.000000000000000000e+00
0.000000000000000000e+00
-3.224879999999999969e-01
0.000000000000000000e+00
0.000000000000000000e+00
-6.946179999999999577e-01
8.443249999999999922e-01
0.000000000000000000e+00
-4.407790000000000319e-02
0.000000000000000000e+00
-5.412410000000000311e-03
-1.429359999999999964e+00
-1.810410000000000075e+00
0.000000000000000000e+00
-2.208489999999999898e-01
-3.509249999999999869e-01
-2.548040000000000027e-02
0.000000000000000000e+00
0.000000000000000000e+00
-1.315679999999999905e-01
1.335600000000000120e-01
0.000000000000000000e+00
-1.003749999999999920e+00
-1.259200000000000097e+00
-3.796109999999999762e-01
-1.301339999999999941e+00
-1.659480000000000122e-01
0.000000000000000000e+00
-2.919120000000000048e-01
2.380529999999999868e-01
3.547640000000000238e-01
0.000000000000000000e+00
-1.376609999999999889e+00
0.000000000000000000e+00
-1.055889999999999995e+00
-5.865839999999999943e-01
-2.467499999999999805e+00
6.716739999999999933e-01
0.000000000000000000e+00
1.607040000000000024e+00
0.000000000000000000e+00
5.933190000000000408e-01
-1.870199999999999918e-01
-3.275930000000000231e-01
1.793819999999999970e+00
-1.868190000000000017e+00
1.028019999999999934e+00
-7.842019999999999547e-02
0.000000000000000000e+00
-2.947000000000000175e-01
6.040990000000000526e-01
-5.546630000000000171e-01
-2.060799999999999965e+00
-5.795120000000000271e-01
1.258019999999999916e+00
-8.396150000000000002e-01
0.000000000000000000e+00
-9.075769999999999671e-02
-7.787130000000000329e+00
-4.020770000000000177e-01
8.428360000000000296e-01
0.000000000000000000e+00
-1.151270000000000016e+00
2.002980000000000038e-01
-4.759129999999999749e-01
0.000000000000000000e+00
-8.710630000000000317e-01
-4.284690000000000026e-02
7.174700000000000522e-01
1.933349999999999902e+00
-1.910060000000000091e+00
-1.369329999999999936e+00
1.013160000000000061e+00
-5.320939999999999559e-01
-1.932709999999999928e+00
-4.904339999999999811e-01
0.000000000000000000e+00
-1.001169999999999893e+00
2.332860000000000156e+00
1.011959999999999971e+00
-8.754049999999999887e-01
0.000000000000000000e+00
-5.510359999999999703e-01
-8.213529999999999442e-02
-4.247750000000000137e-01
-1.194669999999999899e+00
-3.439019999999999855e-01
4.511800000000000255e-01
1.497600000000000042e+00
0.000000000000000000e+00
0.000000000000000000e+00
1.250480000000000036e+00
-9.609410000000000451e-01
-4.634969999999999923e-01
-1.678970000000000073e+00
1.273390000000000022e+00
-4.602640000000000065e-01
2.006050000000000111e+00
5.722220000000000084e-01
4.763530000000000264e-01
-5.398230000000000528e-01
-8.838709999999999622e-01
-2.120249999999999968e+00
0.000000000000000000e+00
0.000000000000000000e+00
5.309439999999999715e-01
-3.612239999999999895e-01
-1.998050000000000104e+00
0.000000000000000000e+00
-3.592090000000000005e-01
-3.783270000000000244e-01
-2.938330000000000108e+00
1.210429999999999895e+00
-3.167679999999999940e-01
3.547169999999999989e-04
1.162150000000000016e+00
6.733770000000000033e-01
3.679339999999999833e-01
-3.257329999999999948e-02
0.000000000000000000e+00
-1.113369999999999971e+00
0.000000000000000000e+00
1.125569999999999959e+00
1.614650000000000113e-02
0.000000000000000000e+00
-1.285670000000000091e+00
-3.165760000000000129e+00
0.000000000000000000e+00
-1.527310000000000056e-01
-1.179640000000000022e+00
5.772629999999999706e-01
4.321089999999999876e+00
1.115609999999999991e+00
2.348179999999999990e-01
0.000000000000000000e+00
-2.502969999999999917e+00
1.146379999999999955e+00
-3.674859999999999845e-03
4.823800000000000310e-02
-2.848139999999999894e+00
0.000000000000000000e+00
-9.218640000000000168e-01
0.000000000000000000e+00
2.575890000000000124e-01
-1.877310000000000034e+00
0.000000000000000000e+00
0.000000000000000000e+00
1.407310000000000061e+00
0.000000000000000000e+00
-1.401710000000000012e+00
0.000000000000000000e+00
-1.314810000000000034e+00
-9.375170000000000448e-01
0.000000000000000000e+00
-2.451940000000000008e+00
5.998759999999999648e-01
-1.178109999999999991e+00
-3.193900000000000183e+00
-1.190919999999999979e+00
7.404100000000000126e-01
-3.327700000000000102e-01
1.052359999999999962e+00
0.000000000000000000e+00
-1.490099999999999980e+00
1.763719999999999954e+00
-6.957520000000000371e-01
0.000000000000000000e+00
-2.982979999999999965e+00
8.915520000000000111e-01
0.000000000000000000e+00
0.000000000000000000e+00
-2.705219999999999847e-01
1.665759999999999907e+00
-2.583299999999999930e+00
-1.443000000000000060e+00
-9.620720000000000383e-01
-3.315319999999999823e+00
-1.937759999999999927e+00
-2.336739999999999817e+00
0.000000000000000000e+00
0.000000000000000000e+00
-1.534500000000000031e-01
7.883259999999999712e-01
-8.492309999999999581e-01
-5.334459999999999757e-01
1.228029999999999955e+00
0.000000000000000000e+00
0.000000000000000000e+00
3.704509999999999748e-01
1.383990000000000054e+00
8.643460000000000032e-02
-6.121010000000000062e-01
-1.221090000000000009e+00
7.564349999999999685e-01
-8.796920000000000295e-01
1.235959999999999948e+00
-1.950639999999999930e+00
0.000000000000000000e+00
0.000000000000000000e+00
-4.445470000000000255e+00
0.000000000000000000e+00
-2.544770000000000088e-01
0.000000000000000000e+00
1.200299999999999923e+00
2.884450000000000069e-01
-5.469150000000000400e-01
6.657030000000000447e-01
-3.757670000000000177e-01
5.649159999999999737e-01
2.641149999999999887e-01
5.987590000000000412e-01
0.000000000000000000e+00
1.828400000000000025e+00
-4.920289999999999941e-01
2.928290000000000060e+00
2.815059999999999896e+00
2.003300000000000081e-01
2.498470000000000191e+00
0.000000000000000000e+00
2.041209999999999969e+00
1.107830000000000092e+00
1.109949999999999992e+00
-5.390850000000000364e-01
7.806639999999999413e-02
1.136479999999999935e+00
0.000000000000000000e+00
1.152889999999999970e+00
-8.767759999999999998e-01
2.305659999999999932e-01
0.000000000000000000e+00
9.278830000000000133e-01
-5.328509999999999636e-01
-5.649219999999999936e-02
-3.980239999999999889e-01
9.699130000000000251e-01
7.432250000000000245e-01
-1.342299999999999882e-01
4.616680000000000228e-01
5.221350000000000297e-02
4.242779999999999885e-01
3.587200000000000166e+00
1.513989999999999947e+00
3.292510000000000048e+00
1.035360000000000058e+00
4.526950000000000141e-01
1.069609999999999950e+00
-8.921379999999999866e-01
4.417079999999999895e-01
-2.440090000000000092e+00
8.839420000000000055e-01
-6.192919999999999536e-01
6.199500000000000011e-01
-4.208609999999999851e-01
2.058980000000000032e+00
1.902209999999999956e+00
2.044179999999999886e+00
1.620959999999999956e+00
4.585529999999999884e-01
-3.152359999999999884e-02
-3.813860000000000028e-01
1.388609999999999900e+00
9.626540000000000097e-01
7.771449999999999747e-01
-1.138099999999999945e-01
0.000000000000000000e+00
2.209490000000000065e-02
2.064799999999999969e+00
8.554619999999999447e-01
1.554680000000000062e+00
0.000000000000000000e+00
3.440529999999999866e+00
8.283840000000000092e-01
0.000000000000000000e+00
6.741719999999999935e-01
-5.388289999999999746e-02
1.646919999999999940e+00
-9.517020000000000479e-01
5.928240000000000176e-01
1.588449999999999918e+00
0.000000000000000000e+00
3.492370000000000196e-01
1.200819999999999999e+00
0.000000000000000000e+00
0.000000000000000000e+00
3.819130000000000025e-01
1.282930000000000008e-02
-9.408759999999999346e-02
1.077469999999999928e+00
-2.109679999999999889e-01
4.470350000000000157e-01
3.667670000000000097e-01
1.989090000000000025e+00
9.824370000000000047e-01
3.873690000000000189e-01
2.397269999999999790e+00
-6.080389999999999961e-01
5.357119999999999660e-01
-1.814349999999999907e+00
0.000000000000000000e+00
0.000000000000000000e+00
-2.428369999999999973e-01
8.239779999999999327e-02
1.621299999999999963e-01
1.109180000000000055e+00
1.216190000000000104e+00
0.000000000000000000e+00
-7.071570000000000356e-01
0.000000000000000000e+00
-1.773709999999999898e+00
0.000000000000000000e+00
0.000000000000000000e+00
0.000000000000000000e+00
0.000000000000000000e+00
-8.655100000000000016e-01
1.195900000000000019e-01
0.000000000000000000e+00
0.000000000000000000e+00
0.000000000000000000e+00
0.000000000000000000e+00
2.577320000000000166e-01
9.762119999999999687e-01
-1.125259999999999927e+00
0.000000000000000000e+00
1.685490000000000044e-01
0.000000000000000000e+00
0.000000000000000000e+00
0.000000000000000000e+00
4.383489999999999887e-01
0.000000000000000000e+00
0.000000000000000000e+00
0.000000000000000000e+00
0.000000000000000000e+00
0.000000000000000000e+00
0.000000000000000000e+00
0.000000000000000000e+00
0.000000000000000000e+00
-1.484550000000000036e+00
0.000000000000000000e+00
0.000000000000000000e+00
0.000000000000000000e+00
-4.985100000000000087e-01
-9.373860000000000525e-02
-1.175450000000000106e+00
-2.831040000000000223e-01
-4.696580000000000199e-01
-8.285209999999999797e-02
-3.441589999999999927e-01
6.274190000000000322e-02
-4.894890000000000074e-01
0.000000000000000000e+00
8.306260000000000032e-02
-1.148120000000000029e+00
-3.845019999999999882e+00
-1.697849999999999915e-01
-1.848940000000000028e+00
1.671829999999999927e+00
-2.384439999999999893e-01
-5.428560000000000052e-01
1.155620000000000092e+00
-2.490299999999999958e+00
1.456439999999999957e-01
-1.266489999999999894e+00
3.511630000000000029e-01
0.000000000000000000e+00
-3.916479999999999961e-02
-4.025830000000000020e+00
1.264810000000000101e-01
-8.776300000000000212e-01
1.960850000000000093e-01
-2.544319999999999915e+00
0.000000000000000000e+00
-4.356329999999999925e-01
-1.873080000000000078e+00
0.000000000000000000e+00
0.000000000000000000e+00
-5.569960000000000466e-01
3.781519999999999881e-01
0.000000000000000000e+00
0.000000000000000000e+00
0.000000000000000000e+00
3.243329999999999824e+00
1.967170000000000030e-01
-3.149939999999999962e+00
9.358079999999999732e-01
-6.408129999999999382e-02
-1.367739999999999956e+00
0.000000000000000000e+00
-2.906670000000000087e+00
-1.128160000000000052e+00
4.469940000000000024e-02
0.000000000000000000e+00
-8.225139999999999674e-01
-5.633839999999999959e-01
3.590309999999999890e-01
-1.819320000000000048e+00
-7.571449999999999569e-01
0.000000000000000000e+00
-3.898449999999999971e-01
