-2.859729999999999883e+00
9.937479999999999647e-01
-1.199000000000000066e+00
-1.370759999999999978e+00
-3.358839999999999826e+00
-7.239480000000000359e+00
-3.659759999999999902e+00
-7.076880000000000059e+00
-8.184550000000000436e-01
-1.778150000000000119e+01
-3.848549999999999915e+00
-3.050570000000000004e+00
-6.537379999999999747e+00
1.027490000000000014e+00
-8.833419999999999814e-03
-1.094989999999999908e+00
-3.153150000000000119e+00
-4.474179999999999602e+00
4.573160000000000003e-01
-1.036470000000000002e+00
-3.521770000000000067e+00
0.000000000000000000e+00
1.401960000000000095e+00
1.063150000000000039e+00
-1.077749999999999986e+00
-2.638099999999999890e-01
0.000000000000000000e+00
3.504349999999999965e-01
-5.228860000000000063e+00
0.000000000000000000e+00
8.483920000000000350e-01
-1.503710000000000102e+00
-2.496649999999999814e+00
0.000000000000000000e+00
-7.288179999999999659e-01
-9.458610000000000184e+00
-1.134570000000000078e+00
-4.921220000000000039e-01
2.236809999999999909e-01
-1.220290000000000097e+00
-3.925040000000000084e+00
-7.544490000000000363e-01
-5.845989999999999798e-01
-3.932060000000000000e-01
-3.672930000000000028e+00
2.373060000000000169e+00
-1.470329999999999970e-01
-5.192329999999999446e-01
-1.429980000000000029e+00
0.000000000000000000e+00
-2.439319999999999933e+00
1.599380000000000024e+00
-4.572379999999999889e+00
-7.809460000000000013e-02
3.789600000000000080e+00
0.000000000000000000e+00
9.125879999999999548e-01
-2.056869999999999976e+00
-1.093319999999999936e+01
-7.150600000000000289e-01
2.559149999999999814e+00
-4.699670000000000236e+00
-1.362139999999999906e+00
1.905499999999999972e+00
3.037039999999999740e-01
2.459119999999999973e+00
-1.191510000000000069e+00
-1.299150000000000027e+00
1.826639999999999930e-01
-5.334919999999999940e-02
-3.279040000000000177e+00
-3.200319999999999832e-01
0.000000000000000000e+00
-3.233579999999999788e-01
1.881850000000000023e+00
-7.328219999999999734e-01
-4.584810000000000274e-01
-3.362179999999999946e+00
0.000000000000000000e+00
2.520410000000000039e+00
-3.270439999999999792e+00
-4.476329999999999920e+00
6.755719999999999503e-01
1.577210000000000001e+00
-4.260180000000000078e+00
-1.013040000000000052e-01
-2.701929999999999943e+00
-2.510229999999999961e-01
3.225690000000000168e+00
2.676680000000000170e+00
-1.948320000000000052e+00
1.685240000000000071e+00
1.992080000000000073e+00
-5.743000000000000327e+00
1.239780000000000104e+00
-5.903939999999999744e-01
6.837330000000000352e-01
1.530839999999999979e+00
-1.129990000000000022e-01
1.872870000000000035e+00
-1.161299999999999999e+00
0.000000000000000000e+00
1.313439999999999941e+00
8.226470000000000171e-01
0.000000000000000000e+00
-3.034689999999999888e+00
1.386139999999999928e+00
0.000000000000000000e+00
0.000000000000000000e+00
-4.887249999999999872e+00
4.295340000000000269e-01
1.373320000000000096e+00
-1.317870000000000097e+00
9.530210000000000070e-01
-1.698339999999999961e+00
-1.480920000000000014e+00
1.391219999999999901e+00
-2.293229999999999880e+00
-2.903030000000000221e+00
4.158970000000000167e-01
-5.922539999999999749e-02
-6.174840000000000328e-01
-3.188790000000000235e-01
1.289549999999999863e-01
-2.158669999999999867e+00
-1.179570000000000007e+00
-1.711049999999999960e+00
7.069939999999999558e-02
-2.570160000000000000e+00
-6.828990000000000116e+00
3.849380000000000024e-01
-3.758690000000000087e-01
7.652860000000000218e-01
-8.744119999999999671e-01
-2.905530000000000057e-01
-7.312910000000000244e-01
-4.730340000000000100e-01
2.911949999999999816e-01
-4.616649999999999920e-01
-4.916179999999999772e+00
-2.090339999999999865e+00
0.000000000000000000e+00
-8.240290000000000115e-01
0.000000000000000000e+00
-3.443270000000000053e+00
3.044239999999999835e+00
0.000000000000000000e+00
5.522470000000000212e+00
-4.636899999999999800e+00
0.000000000000000000e+00
1.411629999999999940e+00
-2.225190000000000001e+00
4.250919999999999810e+00
-4.192910000000000359e+00
-5.580260000000000220e-01
1.412910000000000110e+00
0.000000000000000000e+00
2.021970000000000045e+00
3.443439999999999834e-01
1.830270000000000064e+00
-2.195110000000000117e+00
-3.613569999999999838e-01
-2.124769999999999992e-01
-3.486940000000000150e+00
5.290829999999999700e+00
1.683140000000000081e+00
-8.243470000000000519e-01
0.000000000000000000e+00
1.931380000000000097e+00
-1.764350000000000085e+00
-3.072319999999999940e+00
9.412930000000000463e-01
0.000000000000000000e+00
-2.561310000000000198e+00
-1.208110000000000017e+00
-9.493640000000000412e-02
-2.300820000000000087e-01
6.773020000000000429e-02
-1.177949999999999969e-01
0.000000000000000000e+00
-3.135780000000000012e+00
-9.144280000000000186e-01
8.771630000000000260e-01
-7.614379999999999482e-01
3.202609999999999957e+00
-4.446279999999999788e+00
-4.321309999999999873e-01
-7.367160000000000375e-01
-8.294519999999999671e-02
2.918990000000000196e-01
1.567769999999999997e-01
6.418059999999999876e-01
-2.235729999999999940e-01
1.073990000000000000e+00
0.000000000000000000e+00
9.782990000000000297e-01
0.000000000000000000e+00
-1.568019999999999969e+00
-3.658910000000000107e+00
-1.539389999999999925e-01
2.307809999999999917e+00
3.839929999999999732e-01
1.082390000000000019e-01
-1.439999999999999947e+00
1.848970000000000058e-01
-2.968939999999999912e+00
-1.830449999999999910e+00
-1.205219999999999958e+00
-6.503790000000000404e-01
-2.356619999999999937e+00
0.000000000000000000e+00
-2.191069999999999962e-01
0.000000000000000000e+00
2.139009999999999856e+00
-1.221680000000000099e+00
-3.222450000000000037e-01
3.864189999999999792e+00
3.265899999999999914e-01
4.192379999999999995e+00
-2.670359999999999956e-01
-8.690980000000000372e-01
2.964090000000000114e+00
-1.206220000000000070e+00
1.093950000000000061e-01
2.360069999999999890e+00
-1.152160000000000073e+00
-4.406990000000000074e-01
-4.677890000000000104e-01
7.546490000000000142e-01
-1.239130000000000065e+00
-4.181729999999999947e+00
0.000000000000000000e+00
1.919229999999999992e+00
-1.797960000000000003e+00
2.620109999999999939e+00
-5.393790000000000529e-01
-7.211400000000000032e-01
-1.951589999999999991e-01
1.116670000000000051e+00
8.180169999999999941e-01
2.823179999999999801e+00
-1.108400000000000052e+00
-5.398720000000000185e-01
1.300799999999999956e+00
1.845450000000000035e+00
2.361050000000000093e-01
-2.240650000000000031e+00
-1.801649999999999974e+00
2.077220000000000066e+00
-1.483200000000000074e+00
7.864950000000000330e+00
4.306589999999999918e+00
5.057549999999999546e-01
-1.130880000000000107e+00
-3.833320000000000061e+00
-8.461999999999999522e-01
3.893710000000000004e+00
-1.148339999999999916e+00
-6.943489999999999940e-01
0.000000000000000000e+00
-2.556299999999999795e+00
1.272590000000000110e-01
1.066860000000000031e-01
1.558100000000000041e-01
0.000000000000000000e+00
1.672410000000000008e-01
5.057859999999999578e-01
-1.684309999999999974e-01
1.874169999999999892e+00
-1.568279999999999896e+00
-1.015779999999999905e+00
0.000000000000000000e+00
-4.009439999999999671e+00
-5.117059999999999942e-01
-8.369830000000000325e-01
-3.218510000000000204e+00
-1.178930000000000033e+00
4.446970000000000312e+00
-3.757370000000000154e-02
-1.287169999999999925e+00
0.000000000000000000e+00
-5.394560000000000244e+00
6.408760000000000012e-01
-4.891519999999999757e-01
0.000000000000000000e+00
-1.334599999999999953e-01
-2.688060000000000116e+00
-1.494939999999999936e+00
-7.306350000000000122e+00
2.531159999999999854e+00
-2.878519999999999968e+00
2.265270000000000117e+00
2.640530000000000044e+00
-4.698979999999999713e+00
-1.709009999999999918e+00
6.627999999999999448e-01
1.368840000000000057e+00
-1.912789999999999990e+00
-2.235100000000000087e+00
-5.063919999999999533e-01
1.022669999999999968e+00
-1.648069999999999924e+00
7.830460000000000198e-01
-4.804159999999999681e-02
3.759850000000000136e-01
2.227199999999999847e+00
-9.884220000000000506e-02
-2.490499999999999936e+00
5.159920000000000062e-01
-1.655890000000000084e+00
1.502539999999999987e+00
3.124529999999999808e-01
1.790410000000000057e+00
-1.070289999999999964e+00
1.969379999999999908e+00
-1.075300000000000006e-01
1.874039999999999928e+00
-2.482889999999999819e+00
1.684909999999999908e+00
2.560329999999999995e+00
-6.981169999999999654e+00
-6.543860000000000232e-01
-1.438379999999999992e+00
0.000000000000000000e+00
-6.254669999999999952e+00
-2.826230000000000062e-02
-2.783660000000000023e-01
0.000000000000000000e+00
-2.166360000000000063e+00
-1.249910000000000077e+00
0.000000000000000000e+00
1.165629999999999999e-01
0.000000000000000000e+00
0.000000000000000000e+00
-6.043269999999999476e-01
7.548660000000000370e-01
-1.654500000000000082e+00
2.906480000000000175e-01
1.379010000000000069e+00
2.341130000000000155e+00
-4.152660000000000018e+00
9.534810000000000230e-01
1.518270000000000008e+00
-1.332659999999999956e+00
0.000000000000000000e+00
0.000000000000000000e+00
0.000000000000000000e+00
2.433180000000000065e-01
-2.872980000000000089e+00
1.509360000000000035e+00
0.000000000000000000e+00
-2.771320000000000033e-02
-5.673460000000000170e-01
0.000000000000000000e+00
6.208899999999999836e-03
0.000000000000000000e+00
1.336539999999999928e+01
2.675969999999999960e+00
6.420779999999999710e+00
8.191019999999999968e-01
6.301440000000000374e-01
-1.198369999999999991e-02
-4.811570000000000014e-01
4.156839999999999868e+00
3.459019999999999873e-01
1.531750000000000056e-01
-3.209439999999999849e+00
-4.289959999999999885e-01
-2.362489999999999868e-01
2.445829999999999949e+00
-2.520030000000000214e+00
5.514710000000000001e+00
3.496279999999999943e-01
1.861410000000000009e+00
-2.868379999999999819e-01
0.000000000000000000e+00
2.335420000000000051e+00
-3.255549999999999944e+00
1.002769999999999939e+00
2.961460000000000203e-01
4.072059999999999569e+00
1.978280000000000038e+00
-1.034449999999999953e-01
0.000000000000000000e+00
1.759280000000000010e-01
2.253740000000000077e+00
0.000000000000000000e+00
1.009309999999999929e+00
2.819550000000000001e+00
3.341299999999999937e+00
-1.640550000000000064e-01
3.868300000000000072e+00
1.803579999999999961e+00
1.156360000000000054e+00
2.485930000000000195e+00
6.359979999999999523e-01
4.116010000000000169e+00
3.636859999999999982e+00
3.281620000000000203e+00
1.950709999999999944e+00
-1.322310000000000096e+00
-1.987780000000000102e+00
0.000000000000000000e+00
0.000000000000000000e+00
1.774259999999999948e+00
2.323049999999999837e+00
7.771249999999999547e-01
2.121010000000000117e-01
1.461060000000000025e+00
5.999809999999999865e-01
-7.044920000000000071e-01
2.442950000000000177e+00
4.455959999999999782e-02
0.000000000000000000e+00
-2.154520000000000046e-01
0.000000000000000000e+00
7.399350000000000094e-01
3.007499999999999840e+00
-2.348939999999999806e+00
5.787999999999999812e-01
7.609190000000000051e-03
0.000000000000000000e+00
3.294509999999999827e+00
0.000000000000000000e+00
1.074319999999999942e+00
0.000000000000000000e+00
1.962679999999999980e+00
2.860219999999999985e+00
-4.568139999999999978e-01
