w [*] :=
   1  -0.984028
   2  -2.14675
   3  -0.0641097
   4  -0.243264
   5  -0.472697
   6   0
   7  -0.957107
   8   0
   9   0
  10  -0.649683
  11  -1.2996
  12  -0.184637
  13   0.569161
  14  -0.325585
  15  -1.03594
  16  -0.17173
  17   0
  18  -2.98279
  19   0
  20  -1.30299
  21  -0.170803
  22  -1.36652
  23  -0.0408028
  24  -6.95747
  25  -0.217774
  26  -1.90609
  27   0.0860283
  28  -0.363935
  29  -0.0557039
  30   0.0892839
  31  -0.490024
  32   0.589724
  33  -0.526559
  34   0.437173
  35  -2.20939
  36   0
  37   0
  38  -0.429034
  39  -0.274741
  40  -0.425446
  41  -2.49461
  42   0
  43  -1.79359
  44  -1.10531
  45  -0.651185
  46  -0.394843
  47   0
  48  -0.323509
  49   0
  50  -1.59178
  51   0.323023
  52  -1.56074
  53  -0.563722
  54   0.270441
  55   0.467302
  56   0.419293
  57   0
  58   0
  59   0
  60  -1.95357
  61  -0.180011
  62   0
  63   0
  64  -0.0814548
  65  -0.230881
  66  -0.652643
  67   0.96106
  68   0
  69  -0.377768
  70  -0.09352
  71   0.0267048
  72  -1.01496
  73  -1.88085
  74  -1.75735
  75   0.247483
  76  -0.474911
  77   0.637978
  78  -0.581842
  79   0
  80   0
  81  -0.254735
  82  -0.308102
  83  -1.97602
  84   0
  85   0.0314826
  86  -0.876281
  87  -0.534631
  88   0.0793096
  89   0
  90  -2.57976
  91  -0.526411
  92   0
  93  -0.708887
  94   0.123981
  95   0.17373
  96   2.08999
  97  -0.328389
  98  -0.165437
  99  -1.48789
 100  -0.220098
 101   0.0562044
 102  -1.24709
 103  -0.602396
 104  -0.0561101
 105   0.260219
 106  -2.77985
 107  -0.627702
 108   0
 109  -1.09007
 110  -0.602054
 111   0
 112   0
 113  -0.0481744
 114  -0.185431
 115  -0.536844
 116   0
 117  -3.7072
 118   0
 119  -0.625451
 120   0.450964
 121   0
 122   0
 123   0.319325
 124  -0.272731
 125  -1.4296
 126  -1.86847
 127   0
 128   0
 129   0
 130  -0.118732
 131   0.075533
 132  -1.19375
 133  -1.05692
 134   0.119822
 135   2.39202
 136   0.269886
 137   0
 138  -0.0273244
 139   0.189329
 140   0
 141   0
 142   2.18523
 143   0.0845776
 144   0
 145  -1.33872
 146   0.203136
 147   0
 148  -0.781874
 149   0.867947
 150   0.575653
 151   0
 152  -0.715672
 153   0.0334026
 154  -0.678604
 155  -0.603404
 156   0
 157  -2.85083
 158   0.402907
 159  -0.979266
 160  -0.978369
 161   0
 162  -1.12957
 163   0
 164  -0.29174
 165   0.193891
 166   0.886289
 167  -0.214308
 168  -2.18567
 169  -4.23917
 170  -0.194557
 171  -0.535556
 172   1.32084
 173   0.0408532
 174   0
 175   0
 176   0
 177  -0.217736
 178  -0.0136908
 179   0.168256
 180   0.95233
 181  -0.72416
 182  -0.449996
 183   0.305313
 184   0.181582
 185   0.612517
 186  -1.24122
 187   0.656513
 188   0
 189   0.256527
 190   0
 191   0.494786
 192   0
 193  -0.282776
 194  -0.227109
 195  -0.174685
 196   0
 197   0
 198   0
 199  -0.45041
 200   0
 201  -1.12798
 202  -0.202839
 203   0.501256
 204   0
 205  -0.0456421
 206  -1.05752
 207  -1.13652
 208   0.58083
 209   0.536542
 210   0
 211   0.698912
 212  -1.56584
 213   0.737797
 214   0
 215  -1.343
 216  -1.88501
 217   0.134852
 218  -0.342435
 219  -0.0840715
 220   1.13725
 221   0
 222  -0.268479
 223  -0.785587
 224   0
 225   0
 226   0
 227   0.892721
 228   0
 229   1.38024
 230   1.44161
 231  -1.38126
 232  -0.281706
 233   0.700386
 234   0.217222
 235  -1.44132
 236   0.612864
 237   0
 238   2.14827
 239   0
 240  -0.405508
 241   1.53335
 242   0
 243   0.298946
 244   0
 245   0.255875
 246   0.863032
 247  -0.803835
 248   0.0705237
 249   0.354761
 250  -0.314586
 251   0
 252   0
 253   0
 254  -2.19025
 255   0
 256   1.23039
 257  -0.547658
 258  -0.0184748
 259  -0.294437
 260  -0.0991718
 261   0
 262  -1.76961
 263  -3.83744
 264  -0.00995539
 265  -0.716322
 266   0.877548
 267  -0.0572844
 268  -0.339474
 269  -0.316244
 270   1.53211
 271   0
 272  -0.195043
 273  -0.0319948
 274   0.0101482
 275   0
 276  -0.625992
 277   0.758012
 278   0
 279  -0.1663
 280  -2.11163
 281  -3.02885
 282  -0.347714
 283  -0.91367
 284   0
 285   0.188965
 286   0.952748
 287   0.167891
 288   0.142794
 289  -1.74531
 290   0.222838
 291   0.377176
 292   0
 293  -0.750289
 294   0.181976
 295   0.205709
 296  -0.200859
 297   1.05206
 298  -0.888331
 299   1.35523
 300  -1.44893
 301   0
 302   0
 303  -0.969635
 304   0
 305   0
 306  -0.592789
 307  -1.9843
 308  -3.16649
 309   0
 310   0
 311  -1.97753
 312  -0.699719
 313   0.0337899
 314  -1.62296
 315   0.411125
 316   0.32325
 317   0
 318   0
 319   0
 320   2.0629
 321  -1.35936
 322   0
 323  -0.521139
 324   0
 325   0
 326   0
 327   0
 328   1.40299
 329  -1.01724
 330   0.712012
 331   0
 332   0
 333   0
 334  -0.0302928
 335   0
 336  -1.50198
 337  -0.741444
 338   0
 339  -0.0400384
 340  -0.573948
 341   0.87356
 342  -0.441279
 343   0
 344   1.41203
 345   0.0176152
 346   0
 347  -0.845525
 348  -0.170628
 349   1.16206
 350   0.114024
 351  -0.280567
 352  -0.734756
 353  -1.46654
 354  -0.974411
 355  -1.42586
 356  -0.29639
 357   0.946269
 358  -0.604873
 359   0
 360  -0.0524813
 361   0.975983
 362   1.23666
 363   0
 364  -0.129539
 365  -3.20735
 366   1.4572
 367   0
 368   0
 369  -0.277525
 370   2.67003
 371  -0.125261
 372   0
 373  -2.60198
 374   0
 375   0
 376   0
 377   0
 378  -0.0287304
 379   1.06751
 380   0.00262506
 381   0
 382  -0.0515077
 383   0.110822
 384  -0.546553
 385  -0.414623
 386   0
 387  -0.918435
 388   0.876129
 389   0.520503
 390  -0.172109
 391  -0.648123
 392   0.817786
 393   0
 394   0
 395   0.869688
 396   0
 397   0
 398   1.86405
 399   0.0905143
 400  -0.396562
 401  -0.348741
 402  -0.162793
 403   0.370768
 404  -0.267999
 405   0
 406  -0.0407128
 407   0
 408  -1.92491
 409  -1.98679
 410   0.534355
 411   1.05689
 412  -0.310573
 413   0.328948
 414   0.185693
 415   0
 416  -0.335585
 417   0.28122
 418  -0.618049
 419  -0.000595465
 420   0
 421   0
 422   0
 423   0
 424  -1.14555
 425  -0.975227
 426   0.344564
 427   0.193947
 428   0.414129
 429  -0.483551
 430   0.0911459
 431   0
 432  -0.421408
 433   2.63475
 434   0.740885
 435  -0.151988
 436   0.544757
 437  -0.0614825
 438  -3.18068
 439   0
 440   0
 441   0
 442  -0.557827
 443  -0.157055
 444   0
 445   0
 446  -0.477494
 447  -0.108521
 448  -0.688568
 449   0
 450   0.266375
 451  -0.45644
 452   0.26817
 453  -0.528953
 454   0
 455   0
 456   0.288829
 457   1.05504
 458  -0.820898
 459  -0.642383
 460  -0.0576077
 461   0
 462  -0.325071
 463   0.378341
 464  -1.0293
 465   0.277134
 466  -5.77869
 467  -0.0551627
 468   0
 469  -0.0198973
 470  -0.0916302
 471   0.45996
 472   0
 473  -1.51294
 474  -0.397761
 475   0
 476   0
 477   1.83472
 478  -0.491082
 479  -2.64082
 480   0
 481  -0.0908973
 482   0.277112
 483  -1.31851
 484   0
 485  -0.584764
 486   0.872002
 487  -1.12363
 488   0.368071
 489  -0.363964
 490   1.57086
 491  -0.76554
 492  -0.471763
 493   0
 494   0.598513
 495  -0.550807
 496   2.13109
 497   0
 498  -0.283633
 499   0.684264
 500   0.651454
 501   0.522411
 502   1.29583
 503   0
 504  -1.24653
 505   0
 506   0
 507   0
 508  -0.181736
 509   0
 510  -0.0873729
 511  -0.820984
 512   1.10829
 513   0
 514  -0.544923
 515   0.725086
 516   0
 517   0
 518  -2.16195
 519   1.28556
 520  -0.335295
 521   0
 522   0
 523   0
 524   0.0521416
 525   0
 526   0.1018
 527  -0.760377
 528  -1.71854
 529   0
 530   0
 531   0.260805
 532   1.24773
 533   0.473199
 534   0.249742
 535  -1.42628
 536   0
 537   0
 538   0
 539   1.08867
 540  -0.921654
 541   0
 542   0.612237
 543  -3.50388
 544   1.48129
 545  -0.191849
 546   1.44723
 547   0.97805
 548  -0.838075
 549   0.426866
 550   0.229147
 551   2.30466
 552  -0.000398322
 553   0
 554   0
 555   2.22406
 556   0.109609
 557   0
 558   0
 559   0
 560   0
 561  -0.601377
 562   0.310522
 563   0
 564   0.582571
 565  -1.54624
 566  -1.6522
 567   0
 568  -0.928599
 569  -0.536278
 570  -0.00593125
 571   0.15054
 572   0
 573  -0.943638
 574   0.71991
 575   0.999359
 576   0
 577   1.09688
 578   0.778278
 579  -0.384353
 580   0
 581   0.195871
 582   0
 583   0.624289
 584  -1.43912
 585   0
 586   1.49793
 587  -2.41116
 588  -0.239384
 589   1.06341
 590   0
 591  -0.946407
 592  -0.006052
 593   0.0691717
 594   0
 595   2.0079
 596  -0.880469
 597   0
 598  -1.5467
 599   0.44161
 600   0
 601   0
 602  -0.952217
 603  -1.19579
 604   0
 605  -0.623472
 606   0.262862
 607  -1.20062
 608   0
 609  -0.28373
 610  -0.283158
 611  -1.29823
 612   0
 613   0
 614   0.810508
 615   1.46301
 616  -0.570279
 617   0
 618   0.784288
 619   0.907199
 620   0.532166
 621   0.0699902
 622   1.00086
 623   0
 624   0
 625   0
 626  -0.210849
 627   0
 628   1.30058
 629   0
 630  -0.530838
 631   0.400536
 632  -0.485754
 633   0.851608
 634   0
 635   0.114306
 636   0.111837
 637   0
 638  -0.271801
 639   3.13082
 640   0
 641  -1.34713
 642  -0.154995
 643   0.844779
 644   0.105495
 645   2.10671
 646   0
 647  -0.0997326
 648   0
 649  -1.7039
 650  -0.66256
 651  -0.110954
 652   0.310068
 653   0
 654   1.47909
 655   0
 656   0
 657   0.404382
 658  -0.179597
 659  -0.0579517
 660   0
 661   1.40333
 662  -0.343117
 663  -0.998906
 664   0.470027
 665  -0.400041
 666   0
 667  -0.166428
 668   2.09873
 669   0
 670  -0.0946302
 671  -0.363648
 672   0
 673  -0.0511597
 674  -0.264887
 675  -0.509048
 676   0
 677   0.454219
 678   0.339863
 679   0
 680   1.20715
 681   0.470495
 682   1.02865
 683   0.103783
 684   0.052913
 685  -0.268505
 686  -1.54433
 687  -0.0387636
 688  -0.12171
 689   0
 690  -0.611081
 691   0
 692   0
 693  -0.354263
 694   1.25933
 695   0
 696  -1.34702
 697   0
 698  -0.930722
 699   0.560294
 700   0.235811
 701  -1.52801
 702   0
 703   0
 704   1.45564
 705   1.5383
 706   0
 707   0.0209089
 708  -0.986195
 709   0
 710   1.15873
 711   0
 712   0
 713  -0.706643
 714   0
 715  -0.11397
 716  -0.275236
 717   0
 718   0.159109
 719   0
 720   0.917602
 721   1.73407
 722   0
 723   0
 724   0
 725   0
 726   0
 727   0.470975
 728  -1.35544
 729   0.643928
 730  -0.598051
 731   1.62725
 732   0
 733   1.42951
 734   1.45939
 735   0
 736   0.887202
 737   1.22339
 738   0.931104
 739   0
 740   0.0135733
 741  -0.893767
 742  -1.54022
 743  -1.16145
 744   0
 745  -0.469504
 746  -0.222795
 747  -0.388815
 748   0.755125
 749   0
 750  -2.10683
 751   3.36961
 752   1.64235
 753   0
 754   0
 755   1.30614
 756  -0.276064
 757  -1.31387
 758   0.314262
 759  -0.939602
 760   0.0685127
 761   0.439272
 762   0.966987
 763  -0.231648
 764  -0.366402
 765   1.03668
 766  -1.555
 767   0
 768   0
 769   1.55469
 770  -0.548632
 771  -0.485732
 772  -2.45047
 773  -0.110995
 774   0.192898
 775   0.261935
 776   0
 777  -0.304783
 778  -0.98936
 779  -1.67886
 780  -0.527403
 781   0
 782   0
 783   1.19038
 784   0
 785  -0.295833
 786   0
 787  -0.0953512
 788  -0.5825
 789   0
 790   0
 791   0
 792   0
 793  -0.3101
 794   0.800426
 795  -0.807981
 796   1.39486
 797   0
 798  -0.361853
 799  -1.49296
 800   0
 801   0
 802  -0.238973
 803   0
 804  -0.91012
 805  -0.515886
 806  -1.70375
 807  -0.359847
 808   0
 809   0.745778
 810   0
 811   0.152226
 812   0
 813   1.24063
 814  -0.194435
 815   0.505747
 816   0
 817  -0.168887
 818   0
 819  -0.370681
 820  -1.00735
 821   0.127992
 822   0
 823   1.91569
 824  -0.803713
 825  -0.24799
 826  -0.638829
 827   0
 828   1.6758
 829  -0.824198
 830  -0.623239
 831  -0.269525
 832  -1.85014
 833   0
 834  -0.81577
 835  -0.468112
 836   0
 837   0
 838   0.590309
 839   0.415989
 840   0.423221
 841   0
 842   0
 843   0.167134
 844  -0.764245
 845  -0.410891
 846   0
 847   0.771089
 848   0.303706
 849   0.0939666
 850   0.734493
 851   0
 852   0
 853   0.103407
 854   0
 855   0
 856   1.88123
 857   0.680046
 858  -0.131141
 859  -0.885554
 860   0
 861   0
 862  -2.00979
 863   0
 864   0
 865   1.44797
 866   0.0741601
 867  -0.565707
 868   0
 869  -0.909632
 870   0
 871  -1.05459
 872  -0.21566
 873   0
 874   0.193565
 875   0.686788
 876   0
 877   1.18273
 878  -0.927966
 879  -0.38391
 880   0
 881   0.553938
 882  -0.132024
 883   0.241758
 884   0
 885   0.148247
 886  -0.880597
 887  -0.937746
 888   0.66681
 889   0
 890  -0.19005
 891   2.99249
 892   0
 893   0
 894   1.55696
 895   0
 896  -1.30596
 897  -2.59533
 898   0
 899  -2.226
 900   0
 901  -0.407388
 902  -0.36358
 903  -0.222188
 904   0.812389
 905   2.31331
 906   0.873034
 907   0.201018
 908  -2.03659
 909   0
 910   0
 911  -0.440573
 912   2.33392
 913   0.0543251
 914   0.344325
 915   0
 916  -1.48494
 917   0.540471
 918  -2.10251
 919   0.694026
 920   0
 921  -2.41182
 922  -1.53093
 923   0.942589
 924   0
 925  -0.63435
 926   0.247775
 927   1.28049
 928   0.536988
 929  -0.935055
 930   1.48012
 931   0
 932   0.389744
 933  -0.580005
 934  -1.58595
 935   0.662471
 936   0
 937   0
 938  -0.810636
 939  -0.101351
 940   0
 941   0.907107
 942   0
 943   0
 944   0.978762
 945   0.201481
 946   0.224638
 947  -0.50242
 948   0.230362
 949   1.25167
 950   0
 951   0.118392
 952   0.305384
 953   3.62395
 954   0.0169494
 955   0
 956  -0.251225
 957   0.453783
 958   1.58859
 959   0
 960   0.82191
 961   0.514061
 962  -0.719561
 963  -0.247761
 964   0
 965  -0.120435
 966  -2.44461
 967  -0.12587
 968  -1.01854
 969  -1.36007
 970   0
 971   0.718579
 972   0.605471
 973   0
 974   0
 975   0.118834
 976  -1.59272
 977  -0.230614
 978  -0.528636
 979  -0.253543
 980   0
 981   0.248151
 982  -1.35051
 983  -0.256247
 984   0
 985  -0.458954
 986  -0.0980851
 987   0
 988   0.167486
 989   0.57539
 990   2.12929
 991   1.71551
 992  -0.692598
 993  -0.0675855
 994   0
 995  -0.39253
 996   0
 997  -0.682805
 998   0
 999   0
1000   0.308889
1001   0.936728
1002   0.700695
1003   0
1004  -0.418093
1005   0.289098
1006   0.680797
1007   0
1008   0.312301
1009  -1.5035
1010   0
1011  -0.714136
1012   1.41217
1013   1.63178
1014   0.218672
1015  -0.0990547
1016  -0.924434
1017   0
1018  -0.203965
1019  -0.693447
1020   1.89676
1021   0
1022  -0.522535
1023   0.489042
1024   0.455378
1025   0
1026   0
1027  -0.457908
1028   0.581781
1029   0.464334
1030   0
1031   0.258373
1032   0
1033   0
1034   0.458282
1035   0.207651
1036   0.816303
1037  -0.219707
1038  -1.64448
1039   0.20512
1040   0.439031
1041   0
1042   2.89399
1043  -1.16951
1044   0
1045   0.476935
1046   0
1047   0
1048   0
1049  -0.793637
1050   0.76086
1051   0
1052   1.60994
1053   0.603047
1054   1.19939
1055  -1.33164
1056  -0.0220892
1057   0
1058   3.49043
1059   0.80497
1060   0
1061   0
1062   0
1063  -0.32924
1064   0
1065   0.174191
1066   0
1067   0
1068   0
1069   0
1070   0
1071   0
1072  -1.30275
1073  -0.394608
1074   0.185613
1075  -0.0291153
1076   0.425224
1077   0
1078  -1.68179
1079   0.598501
1080   0.589787
1081  -0.496449
1082   0.555407
1083   0.194677
1084   0.84695
1085   0.590251
1086   0.693105
1087   1.2048
1088   1.361
1089   0.446692
1090  -0.0431572
1091   0
1092  -0.308853
1093   0
1094   1.58867
1095   0
1096   1.3639
1097   0
1098   1.05402
1099   0
1100   0.627129
1101   0.792137
1102   1.02805
1103  -0.60273
1104  -0.612211
1105   0.328056
1106   0.270529
1107   0.0406672
1108   0.0772123
1109   0
1110   0
1111   0
1112   0.099164
1113   1.20272
1114   0
1115   0
1116   0.659581
1117   0.611219
1118  -0.991979
1119   0
1120   0.818665
1121   1.66817
1122  -1.20271
1123   0.476058
1124   0.566603
1125   3.07801
1126   0.0336716
1127   0
1128   0.319432
1129  -0.381689
1130   0
1131   0
1132   0.358783
1133  -0.573347
1134   0.431629
1135   0
1136   0
1137   3.02331
1138   0
1139   0.0275702
1140   1.81405
1141   1.27696
1142   1.41383
1143   1.83896
1144   0.46728
1145   1.4558
1146   0.595416
1147   0
1148  -0.203394
1149   2.22662
1150   0.968018
1151   1.31575
1152   0.762966
1153   0.26969
1154  -0.981703
1155   1.42432
1156   0.658178
1157   0
1158   0
1159   0.0190538
1160   1.88002
1161   0.178778
1162  -0.108768
1163   0.202678
1164   0.820284
1165   0.3815
1166   0.264386
1167   0.49646
1168   0.34718
1169   3.61935
1170   0.720927
1171   0
1172   1.22577
1173   0
1174  -0.16083
1175   1.58522
1176   0.49946
1177   0.227529
1178   1.18296
1179   1.05317
1180   0
1181   0.867348
1182   0.617013
1183   1.42486
1184   0.367021
1185   0.175741
1186   0.735552
1187  -0.288095
1188   0
1189  -0.942855
1190   0
1191   1.4537
1192   0.39995
1193   0.819599
1194   0
1195   0
1196  -0.111365
1197   0
1198  -0.0541505
1199  -0.572951
1200   1.85009
1201   0.729783
1202   0.626037
1203   0
1204   0
1205  -0.241333
1206   0
1207   0.406042
1208   1.93982
1209  -0.301741
1210  -0.844099
1211   0.580263
1212   0.535198
1213   2.27959
1214   0.166394
1215   0
1216   0
1217   0.547275
1218  -0.217754
1219   0
;

