2.077680000000000082e-01
4.325470000000000148e-01
2.608190000000000230e-01
1.718919999999999892e-01
0.000000000000000000e+00
3.951149999999999940e-01
0.000000000000000000e+00
-5.932579999999999520e-01
0.000000000000000000e+00
1.023649999999999949e+00
1.038229999999999986e+00
0.000000000000000000e+00
2.356330000000000091e-01
5.824700000000000016e-02
3.482380000000000089e-04
4.529070000000000040e-01
0.000000000000000000e+00
4.027250000000000274e-02
-5.139049999999999452e-01
0.000000000000000000e+00
0.000000000000000000e+00
2.427090000000000081e-01
0.000000000000000000e+00
-2.516749999999999821e-01
5.033540000000000410e-03
0.000000000000000000e+00
3.084279999999999800e-01
2.943939999999999890e-01
0.000000000000000000e+00
0.000000000000000000e+00
-7.044120000000000381e-01
9.707719999999999683e-01
0.000000000000000000e+00
1.446639999999999926e+00
0.000000000000000000e+00
1.238260000000000055e-01
0.000000000000000000e+00
0.000000000000000000e+00
0.000000000000000000e+00
0.000000000000000000e+00
4.564489999999999936e-01
4.397619999999999862e-01
0.000000000000000000e+00
1.451159999999999950e-01
0.000000000000000000e+00
3.322160000000000113e-01
-5.688980000000000148e-01
0.000000000000000000e+00
3.674689999999999901e-01
0.000000000000000000e+00
0.000000000000000000e+00
0.000000000000000000e+00
3.965199999999999836e-01
0.000000000000000000e+00
-5.165490000000000359e-01
-8.686180000000000290e-02
5.145950000000000246e-01
0.000000000000000000e+00
4.656609999999999916e-01
9.399680000000000257e-01
4.099720000000000031e-01
0.000000000000000000e+00
9.857929999999999471e-02
0.000000000000000000e+00
0.000000000000000000e+00
0.000000000000000000e+00
0.000000000000000000e+00
0.000000000000000000e+00
1.026450000000000001e-01
-8.072600000000000608e-02
1.017229999999999940e-01
2.671220000000000261e-01
0.000000000000000000e+00
-6.129310000000000036e-01
-2.241779999999999884e-01
6.013699999999999601e-01
0.000000000000000000e+00
0.000000000000000000e+00
2.925590000000000135e-01
2.395259999999999889e-01
0.000000000000000000e+00
0.000000000000000000e+00
0.000000000000000000e+00
0.000000000000000000e+00
4.394879999999999898e-01
0.000000000000000000e+00
1.799360000000000126e-01
0.000000000000000000e+00
2.489109999999999934e-01
8.837819999999999565e-01
0.000000000000000000e+00
0.000000000000000000e+00
0.000000000000000000e+00
0.000000000000000000e+00
0.000000000000000000e+00
2.030379999999999963e-01
0.000000000000000000e+00
0.000000000000000000e+00
0.000000000000000000e+00
0.000000000000000000e+00
0.000000000000000000e+00
0.000000000000000000e+00
-9.638219999999999565e-01
-1.645689999999999931e-01
-6.023490000000000233e-01
-5.772410000000000041e-01
-2.003030000000000088e-01
-3.979110000000000147e-01
0.000000000000000000e+00
0.000000000000000000e+00
-4.284810000000000008e-01
0.000000000000000000e+00
-4.452209999999999779e-01
-1.663859999999999992e-02
-3.710590000000000277e-01
-2.422890000000000044e-01
0.000000000000000000e+00
0.000000000000000000e+00
0.000000000000000000e+00
0.000000000000000000e+00
0.000000000000000000e+00
-5.603780000000000427e-01
-4.865849999999999898e-01
-1.536340000000000039e+00
-1.566309999999999925e-01
0.000000000000000000e+00
0.000000000000000000e+00
0.000000000000000000e+00
0.000000000000000000e+00
-1.890880000000000061e-01
-5.949170000000000291e-01
6.100239999999999829e-02
0.000000000000000000e+00
0.000000000000000000e+00
5.185959999999999875e-02
-5.717830000000000412e-01
0.000000000000000000e+00
0.000000000000000000e+00
0.000000000000000000e+00
-3.715060000000000029e-01
-3.014600000000000057e-01
0.000000000000000000e+00
0.000000000000000000e+00
0.000000000000000000e+00
0.000000000000000000e+00
-2.936670000000000114e-01
-9.205410000000000537e-01
0.000000000000000000e+00
0.000000000000000000e+00
-3.310969999999999747e-01
0.000000000000000000e+00
1.042560000000000014e-01
-1.204690000000000066e-01
0.000000000000000000e+00
0.000000000000000000e+00
-6.367329999999999934e-01
0.000000000000000000e+00
0.000000000000000000e+00
-8.881269999999999998e-01
0.000000000000000000e+00
0.000000000000000000e+00
0.000000000000000000e+00
0.000000000000000000e+00
0.000000000000000000e+00
0.000000000000000000e+00
-3.666440000000000254e-01
0.000000000000000000e+00
-1.253779999999999895e+00
0.000000000000000000e+00
-8.126400000000000290e-01
0.000000000000000000e+00
-1.534040000000000056e-02
-2.834909999999999947e-03
-4.173549999999999760e-01
-1.420109999999999983e+00
0.000000000000000000e+00
1.310300000000000006e-02
0.000000000000000000e+00
0.000000000000000000e+00
-3.841460000000000100e-03
-2.575969999999999996e-02
9.410140000000000171e-02
0.000000000000000000e+00
0.000000000000000000e+00
0.000000000000000000e+00
0.000000000000000000e+00
0.000000000000000000e+00
0.000000000000000000e+00
-2.196240000000000137e-01
-9.084430000000000005e-01
0.000000000000000000e+00
0.000000000000000000e+00
-6.723689999999999944e-01
0.000000000000000000e+00
0.000000000000000000e+00
5.044960000000000555e-01
0.000000000000000000e+00
0.000000000000000000e+00
-2.063709999999999989e-01
0.000000000000000000e+00
8.997789999999999955e-01
0.000000000000000000e+00
0.000000000000000000e+00
0.000000000000000000e+00
-1.000860000000000083e+00
0.000000000000000000e+00
0.000000000000000000e+00
0.000000000000000000e+00
0.000000000000000000e+00
4.206739999999999924e-01
0.000000000000000000e+00
0.000000000000000000e+00
-9.524489999999999901e-01
0.000000000000000000e+00
0.000000000000000000e+00
0.000000000000000000e+00
0.000000000000000000e+00
1.808639999999999970e-01
0.000000000000000000e+00
0.000000000000000000e+00
0.000000000000000000e+00
6.046789999999999665e-01
1.866849999999999898e-01
-4.627709999999999879e-01
0.000000000000000000e+00
0.000000000000000000e+00
-1.314910000000000023e+00
3.064109999999999889e-01
-3.218730000000000202e-01
0.000000000000000000e+00
0.000000000000000000e+00
1.199370000000000019e-01
0.000000000000000000e+00
0.000000000000000000e+00
6.943309999999999760e-02
0.000000000000000000e+00
0.000000000000000000e+00
0.000000000000000000e+00
0.000000000000000000e+00
0.000000000000000000e+00
0.000000000000000000e+00
0.000000000000000000e+00
0.000000000000000000e+00
0.000000000000000000e+00
0.000000000000000000e+00
0.000000000000000000e+00
0.000000000000000000e+00
0.000000000000000000e+00
-3.792019999999999835e-01
-3.009089999999999820e-01
0.000000000000000000e+00
0.000000000000000000e+00
4.098470000000000169e-01
2.072940000000000060e-01
0.000000000000000000e+00
0.000000000000000000e+00
0.000000000000000000e+00
0.000000000000000000e+00
0.000000000000000000e+00
0.000000000000000000e+00
0.000000000000000000e+00
0.000000000000000000e+00
0.000000000000000000e+00
0.000000000000000000e+00
0.000000000000000000e+00
0.000000000000000000e+00
0.000000000000000000e+00
0.000000000000000000e+00
0.000000000000000000e+00
0.000000000000000000e+00
0.000000000000000000e+00
-6.575440000000000451e-02
6.901639999999999997e-01
0.000000000000000000e+00
-2.102150000000000130e-01
0.000000000000000000e+00
-3.785850000000000326e-02
0.000000000000000000e+00
-2.066749999999999976e-01
0.000000000000000000e+00
0.000000000000000000e+00
0.000000000000000000e+00
3.112509999999999930e-02
0.000000000000000000e+00
0.000000000000000000e+00
0.000000000000000000e+00
0.000000000000000000e+00
-1.183720000000000105e+00
0.000000000000000000e+00
4.795630000000000170e-01
0.000000000000000000e+00
0.000000000000000000e+00
0.000000000000000000e+00
-8.271570000000000311e-01
0.000000000000000000e+00
1.568890000000000007e-01
0.000000000000000000e+00
0.000000000000000000e+00
2.094700000000000034e-02
0.000000000000000000e+00
0.000000000000000000e+00
0.000000000000000000e+00
-1.389420000000000099e+00
-3.291820000000000163e-02
0.000000000000000000e+00
0.000000000000000000e+00
-6.440110000000000001e-01
-5.982219999999999899e-02
0.000000000000000000e+00
-4.600370000000000154e-02
9.984070000000000444e-01
0.000000000000000000e+00
0.000000000000000000e+00
0.000000000000000000e+00
0.000000000000000000e+00
0.000000000000000000e+00
7.405849999999999933e-02
0.000000000000000000e+00
-1.453699999999999992e-01
2.243870000000000031e-01
0.000000000000000000e+00
0.000000000000000000e+00
0.000000000000000000e+00
5.305090000000000083e-01
0.000000000000000000e+00
0.000000000000000000e+00
0.000000000000000000e+00
0.000000000000000000e+00
0.000000000000000000e+00
0.000000000000000000e+00
0.000000000000000000e+00
-2.094539999999999944e-02
0.000000000000000000e+00
0.000000000000000000e+00
0.000000000000000000e+00
0.000000000000000000e+00
6.521040000000000170e-01
1.886029999999999929e-01
0.000000000000000000e+00
3.482380000000000089e-04
7.277930000000000232e-01
0.000000000000000000e+00
1.383089999999999931e+00
0.000000000000000000e+00
0.000000000000000000e+00
-4.854140000000000121e-01
1.058520000000000016e-01
0.000000000000000000e+00
0.000000000000000000e+00
-3.417069999999999830e-01
-7.573900000000000077e-01
0.000000000000000000e+00
0.000000000000000000e+00
0.000000000000000000e+00
0.000000000000000000e+00
0.000000000000000000e+00
0.000000000000000000e+00
-2.393480000000000052e-01
0.000000000000000000e+00
-8.787730000000000541e-02
0.000000000000000000e+00
0.000000000000000000e+00
0.000000000000000000e+00
0.000000000000000000e+00
0.000000000000000000e+00
0.000000000000000000e+00
0.000000000000000000e+00
0.000000000000000000e+00
0.000000000000000000e+00
0.000000000000000000e+00
0.000000000000000000e+00
0.000000000000000000e+00
-7.963040000000000118e-01
0.000000000000000000e+00
0.000000000000000000e+00
0.000000000000000000e+00
0.000000000000000000e+00
0.000000000000000000e+00
0.000000000000000000e+00
0.000000000000000000e+00
0.000000000000000000e+00
0.000000000000000000e+00
0.000000000000000000e+00
0.000000000000000000e+00
0.000000000000000000e+00
0.000000000000000000e+00
0.000000000000000000e+00
0.000000000000000000e+00
0.000000000000000000e+00
3.696459999999999746e-01
0.000000000000000000e+00
0.000000000000000000e+00
0.000000000000000000e+00
0.000000000000000000e+00
0.000000000000000000e+00
0.000000000000000000e+00
0.000000000000000000e+00
0.000000000000000000e+00
0.000000000000000000e+00
0.000000000000000000e+00
0.000000000000000000e+00
-3.790600000000000219e-02
-4.515359999999999929e-01
1.130339999999999900e+00
-5.536889999999999867e-01
1.323950000000000127e-01
0.000000000000000000e+00
0.000000000000000000e+00
0.000000000000000000e+00
0.000000000000000000e+00
0.000000000000000000e+00
0.000000000000000000e+00
6.075730000000000020e-02
0.000000000000000000e+00
-2.333270000000000066e-01
0.000000000000000000e+00
0.000000000000000000e+00
0.000000000000000000e+00
0.000000000000000000e+00
0.000000000000000000e+00
8.069169999999999954e-01
0.000000000000000000e+00
0.000000000000000000e+00
1.970250000000000057e-01
-9.670900000000000052e-01
0.000000000000000000e+00
0.000000000000000000e+00
-1.417529999999999957e+00
0.000000000000000000e+00
0.000000000000000000e+00
0.000000000000000000e+00
0.000000000000000000e+00
-8.294700000000000406e-01
0.000000000000000000e+00
3.641739999999999977e-01
0.000000000000000000e+00
0.000000000000000000e+00
0.000000000000000000e+00
-1.748320000000000096e+00
0.000000000000000000e+00
0.000000000000000000e+00
0.000000000000000000e+00
5.809609999999999497e-01
0.000000000000000000e+00
0.000000000000000000e+00
0.000000000000000000e+00
-8.766150000000000331e-03
0.000000000000000000e+00
0.000000000000000000e+00
1.139680000000000026e+00
0.000000000000000000e+00
-3.531369999999999787e-01
0.000000000000000000e+00
0.000000000000000000e+00
0.000000000000000000e+00
-1.167040000000000022e-01
6.531270000000000131e-02
0.000000000000000000e+00
0.000000000000000000e+00
0.000000000000000000e+00
0.000000000000000000e+00
0.000000000000000000e+00
0.000000000000000000e+00
0.000000000000000000e+00
0.000000000000000000e+00
0.000000000000000000e+00
