4.860530000000000128e-01
0.000000000000000000e+00
7.203600000000000003e-01
2.147660000000000124e+00
9.189770000000000438e-01
1.223789999999999933e+00
2.758829999999999893e-01
0.000000000000000000e+00
0.000000000000000000e+00
8.889909999999999479e-02
7.595169999999999977e-01
2.569060000000000232e-01
4.343969999999999776e-01
1.302699999999999969e+00
0.000000000000000000e+00
-1.477159999999999862e-01
1.175240000000000062e+00
0.000000000000000000e+00
8.897080000000000266e-02
3.630329999999999946e-01
7.204359999999999653e-01
0.000000000000000000e+00
0.000000000000000000e+00
9.794340000000000268e-01
0.000000000000000000e+00
2.959359999999999769e-01
9.659099999999999631e-02
3.811289999999999956e-01
0.000000000000000000e+00
0.000000000000000000e+00
1.853139999999999996e-02
5.837700000000000111e-01
0.000000000000000000e+00
2.025849999999999873e-01
1.147190000000000015e-01
3.294030000000000014e-01
0.000000000000000000e+00
0.000000000000000000e+00
2.254049999999999943e-01
6.557290000000000063e-01
7.167649999999999855e-01
5.052100000000000340e-02
0.000000000000000000e+00
1.360699999999999965e-01
2.954439999999999844e-01
4.267920000000000047e-01
0.000000000000000000e+00
1.252029999999999976e+00
5.065209999999999990e-01
0.000000000000000000e+00
0.000000000000000000e+00
0.000000000000000000e+00
3.379849999999999799e-01
0.000000000000000000e+00
0.000000000000000000e+00
0.000000000000000000e+00
6.269959999999999978e-01
0.000000000000000000e+00
5.077409999999999979e-01
0.000000000000000000e+00
-2.656939999999999857e-01
0.000000000000000000e+00
0.000000000000000000e+00
0.000000000000000000e+00
0.000000000000000000e+00
0.000000000000000000e+00
0.000000000000000000e+00
0.000000000000000000e+00
-2.147939999999999919e-02
0.000000000000000000e+00
6.302550000000000097e-01
4.490070000000000172e-02
0.000000000000000000e+00
0.000000000000000000e+00
5.575189999999999868e-01
0.000000000000000000e+00
0.000000000000000000e+00
0.000000000000000000e+00
0.000000000000000000e+00
8.535840000000000094e-01
0.000000000000000000e+00
0.000000000000000000e+00
2.946730000000000183e-01
0.000000000000000000e+00
0.000000000000000000e+00
3.458430000000000115e-01
1.608719999999999898e-03
0.000000000000000000e+00
5.524219999999999686e-01
2.138899999999999829e-02
5.002010000000000067e-01
9.236280000000000046e-01
0.000000000000000000e+00
0.000000000000000000e+00
5.357640000000000319e-02
0.000000000000000000e+00
0.000000000000000000e+00
0.000000000000000000e+00
0.000000000000000000e+00
1.532189999999999941e+00
0.000000000000000000e+00
0.000000000000000000e+00
0.000000000000000000e+00
0.000000000000000000e+00
0.000000000000000000e+00
0.000000000000000000e+00
0.000000000000000000e+00
1.947560000000000124e-01
0.000000000000000000e+00
0.000000000000000000e+00
1.193140000000000034e-01
0.000000000000000000e+00
1.330140000000000100e+00
0.000000000000000000e+00
0.000000000000000000e+00
0.000000000000000000e+00
0.000000000000000000e+00
0.000000000000000000e+00
-1.971920000000000062e-01
0.000000000000000000e+00
0.000000000000000000e+00
-3.621980000000000199e-01
0.000000000000000000e+00
0.000000000000000000e+00
5.804300000000000015e-01
0.000000000000000000e+00
6.784459999999999935e-01
0.000000000000000000e+00
7.682060000000000277e-02
0.000000000000000000e+00
-3.138329999999999731e-01
0.000000000000000000e+00
0.000000000000000000e+00
1.231659999999999977e+00
8.660919999999999730e-01
-4.904720000000000191e-01
0.000000000000000000e+00
1.880459999999999909e-01
0.000000000000000000e+00
-7.758470000000000644e-02
0.000000000000000000e+00
0.000000000000000000e+00
0.000000000000000000e+00
0.000000000000000000e+00
4.233709999999999973e-01
-1.009149999999999991e+00
-1.627159999999999940e+00
0.000000000000000000e+00
0.000000000000000000e+00
0.000000000000000000e+00
-3.417640000000000122e-01
0.000000000000000000e+00
0.000000000000000000e+00
0.000000000000000000e+00
0.000000000000000000e+00
0.000000000000000000e+00
0.000000000000000000e+00
0.000000000000000000e+00
0.000000000000000000e+00
0.000000000000000000e+00
0.000000000000000000e+00
2.380790000000000128e-01
-9.409189999999999499e-01
2.789660000000000056e-02
-1.617289999999999894e+00
-3.610450000000000048e-01
4.541580000000000061e-01
0.000000000000000000e+00
0.000000000000000000e+00
0.000000000000000000e+00
0.000000000000000000e+00
0.000000000000000000e+00
8.535840000000000094e-01
0.000000000000000000e+00
0.000000000000000000e+00
0.000000000000000000e+00
2.362269999999999925e-01
0.000000000000000000e+00
-1.275449999999999917e-01
0.000000000000000000e+00
-4.289000000000000035e-01
2.349050000000000027e-01
2.151879999999999904e-01
0.000000000000000000e+00
2.585620000000000140e-01
0.000000000000000000e+00
2.633079999999999865e-01
0.000000000000000000e+00
-8.076069999999999638e-01
0.000000000000000000e+00
8.228979999999999628e-02
0.000000000000000000e+00
7.385829999999999895e-01
0.000000000000000000e+00
2.808899999999999939e-02
0.000000000000000000e+00
0.000000000000000000e+00
0.000000000000000000e+00
-4.253529999999999811e-01
0.000000000000000000e+00
-8.476269999999999638e-02
0.000000000000000000e+00
0.000000000000000000e+00
0.000000000000000000e+00
0.000000000000000000e+00
0.000000000000000000e+00
0.000000000000000000e+00
0.000000000000000000e+00
0.000000000000000000e+00
0.000000000000000000e+00
1.296170000000000100e-01
0.000000000000000000e+00
0.000000000000000000e+00
-3.899869999999999726e-01
0.000000000000000000e+00
0.000000000000000000e+00
0.000000000000000000e+00
0.000000000000000000e+00
0.000000000000000000e+00
0.000000000000000000e+00
0.000000000000000000e+00
-2.582209999999999783e-01
1.395080000000000098e+00
0.000000000000000000e+00
0.000000000000000000e+00
0.000000000000000000e+00
7.880899999999999572e-01
0.000000000000000000e+00
0.000000000000000000e+00
0.000000000000000000e+00
0.000000000000000000e+00
4.267920000000000047e-01
0.000000000000000000e+00
0.000000000000000000e+00
2.682339999999999725e-01
0.000000000000000000e+00
0.000000000000000000e+00
0.000000000000000000e+00
-7.703140000000000542e-01
0.000000000000000000e+00
0.000000000000000000e+00
3.164049999999999918e-01
0.000000000000000000e+00
0.000000000000000000e+00
0.000000000000000000e+00
0.000000000000000000e+00
4.444400000000000017e-01
-5.842509999999999648e-01
4.974410000000000220e-01
0.000000000000000000e+00
-7.240069999999999562e-01
0.000000000000000000e+00
3.251149999999999873e-01
0.000000000000000000e+00
0.000000000000000000e+00
0.000000000000000000e+00
7.164089999999999625e-01
-1.517209999999999948e+00
1.446310000000000096e-01
0.000000000000000000e+00
-2.936440000000000161e-01
0.000000000000000000e+00
0.000000000000000000e+00
0.000000000000000000e+00
0.000000000000000000e+00
0.000000000000000000e+00
0.000000000000000000e+00
-3.287439999999999807e-01
-8.219370000000000287e-01
-5.797400000000000331e-01
0.000000000000000000e+00
5.611480000000000287e-03
-3.761019999999999919e-01
0.000000000000000000e+00
0.000000000000000000e+00
0.000000000000000000e+00
-1.177740000000000037e-01
0.000000000000000000e+00
0.000000000000000000e+00
0.000000000000000000e+00
3.004300000000000026e-02
-9.182289999999999203e-03
-2.710699999999999776e-01
-1.373420000000000085e+00
0.000000000000000000e+00
0.000000000000000000e+00
-6.747100000000000319e-01
0.000000000000000000e+00
-5.660079999999999556e-01
-4.527630000000000265e-01
0.000000000000000000e+00
0.000000000000000000e+00
0.000000000000000000e+00
-1.006250000000000089e+00
0.000000000000000000e+00
0.000000000000000000e+00
-3.803540000000000254e-01
0.000000000000000000e+00
0.000000000000000000e+00
0.000000000000000000e+00
0.000000000000000000e+00
0.000000000000000000e+00
0.000000000000000000e+00
7.876690000000000080e-02
-2.567590000000000128e-04
-8.881949999999999568e-01
0.000000000000000000e+00
-1.114249999999999963e+00
0.000000000000000000e+00
-4.283699999999999730e-01
6.813550000000000439e-01
-3.091419999999999724e-01
0.000000000000000000e+00
-5.329129999999999701e-01
1.214750000000000031e-02
0.000000000000000000e+00
4.637410000000000143e-02
0.000000000000000000e+00
0.000000000000000000e+00
0.000000000000000000e+00
-1.271630000000000038e+00
0.000000000000000000e+00
0.000000000000000000e+00
-4.324839999999999796e-01
0.000000000000000000e+00
0.000000000000000000e+00
0.000000000000000000e+00
-8.992529999999999968e-02
0.000000000000000000e+00
0.000000000000000000e+00
0.000000000000000000e+00
-2.447290000000000021e-01
0.000000000000000000e+00
-5.506510000000000016e-01
0.000000000000000000e+00
-9.178419999999999634e-02
-9.781469999999999887e-01
2.574199999999999822e-01
0.000000000000000000e+00
0.000000000000000000e+00
0.000000000000000000e+00
0.000000000000000000e+00
-1.211980000000000002e-01
0.000000000000000000e+00
1.608710000000000001e-02
-2.397299999999999986e-01
-4.252610000000000001e-01
9.810820000000000651e-02
0.000000000000000000e+00
0.000000000000000000e+00
0.000000000000000000e+00
1.193919999999999981e-01
-1.291050000000000031e+00
0.000000000000000000e+00
0.000000000000000000e+00
-7.070450000000000346e-01
0.000000000000000000e+00
-2.054970000000000130e-01
2.072740000000000138e-01
0.000000000000000000e+00
0.000000000000000000e+00
-2.763229999999999853e-01
0.000000000000000000e+00
-1.910050000000000081e-01
0.000000000000000000e+00
0.000000000000000000e+00
-3.135649999999999826e-01
-3.694760000000000266e-01
0.000000000000000000e+00
-2.160029999999999936e-02
0.000000000000000000e+00
-1.719259999999999955e-01
0.000000000000000000e+00
0.000000000000000000e+00
0.000000000000000000e+00
0.000000000000000000e+00
0.000000000000000000e+00
0.000000000000000000e+00
0.000000000000000000e+00
0.000000000000000000e+00
0.000000000000000000e+00
0.000000000000000000e+00
0.000000000000000000e+00
-8.657859999999999445e-01
-2.345770000000000077e-01
0.000000000000000000e+00
0.000000000000000000e+00
0.000000000000000000e+00
0.000000000000000000e+00
0.000000000000000000e+00
0.000000000000000000e+00
0.000000000000000000e+00
0.000000000000000000e+00
0.000000000000000000e+00
0.000000000000000000e+00
0.000000000000000000e+00
0.000000000000000000e+00
0.000000000000000000e+00
0.000000000000000000e+00
0.000000000000000000e+00
-6.561329999999999663e-01
-3.327180000000000137e-01
0.000000000000000000e+00
0.000000000000000000e+00
-3.637810000000000210e-01
0.000000000000000000e+00
0.000000000000000000e+00
0.000000000000000000e+00
-9.807299999999999907e-01
0.000000000000000000e+00
0.000000000000000000e+00
0.000000000000000000e+00
0.000000000000000000e+00
-2.088899999999999924e-01
0.000000000000000000e+00
0.000000000000000000e+00
-1.735350000000000087e-02
3.712520000000000264e-01
-4.727950000000000208e-01
0.000000000000000000e+00
0.000000000000000000e+00
0.000000000000000000e+00
0.000000000000000000e+00
1.280350000000000099e+00
-4.065509999999999957e-01
0.000000000000000000e+00
0.000000000000000000e+00
-7.608530000000000015e-01
0.000000000000000000e+00
0.000000000000000000e+00
0.000000000000000000e+00
0.000000000000000000e+00
-6.917369999999999942e-03
0.000000000000000000e+00
0.000000000000000000e+00
0.000000000000000000e+00
0.000000000000000000e+00
0.000000000000000000e+00
0.000000000000000000e+00
-6.554860000000000131e-01
0.000000000000000000e+00
-3.417830000000000173e-02
-1.262179999999999969e-01
0.000000000000000000e+00
0.000000000000000000e+00
0.000000000000000000e+00
0.000000000000000000e+00
0.000000000000000000e+00
0.000000000000000000e+00
-4.268299999999999872e-01
-6.887529999999999486e-01
0.000000000000000000e+00
0.000000000000000000e+00
0.000000000000000000e+00
0.000000000000000000e+00
-5.901889999999999636e-01
0.000000000000000000e+00
0.000000000000000000e+00
0.000000000000000000e+00
0.000000000000000000e+00
0.000000000000000000e+00
0.000000000000000000e+00
0.000000000000000000e+00
0.000000000000000000e+00
0.000000000000000000e+00
0.000000000000000000e+00
