-2.695830000000000171e-01
-6.198099999999999721e-01
-4.002249999999999974e-01
1.016679999999999945e-01
0.000000000000000000e+00
0.000000000000000000e+00
8.883399999999999630e-02
6.525130000000000097e-01
0.000000000000000000e+00
-1.398039999999999949e+00
-1.315350000000000019e+00
0.000000000000000000e+00
-7.076989999999999670e-01
0.000000000000000000e+00
-2.305599999999999872e-01
-7.274199999999999555e-01
-4.868910000000000182e-01
0.000000000000000000e+00
6.904169999999999474e-01
0.000000000000000000e+00
8.918509999999999494e-01
-3.047759999999999914e-01
0.000000000000000000e+00
3.646880000000000122e-01
0.000000000000000000e+00
-2.498229999999999895e-01
-4.411330000000000112e-02
0.000000000000000000e+00
-6.396340000000000359e-01
0.000000000000000000e+00
5.381099999999999772e-01
-1.218250000000000055e+00
0.000000000000000000e+00
0.000000000000000000e+00
-3.774069999999999925e-01
-1.678860000000000074e-01
6.012259999999999523e-04
-4.369819999999999954e-02
2.807810000000000028e-01
0.000000000000000000e+00
0.000000000000000000e+00
-2.214139999999999997e-01
-1.326960000000000084e-01
4.321720000000000006e-01
-6.465539999999999621e-01
-8.166320000000000245e-01
6.671500000000000208e-01
0.000000000000000000e+00
0.000000000000000000e+00
-4.969649999999999901e-01
0.000000000000000000e+00
0.000000000000000000e+00
0.000000000000000000e+00
0.000000000000000000e+00
1.597499999999999920e+00
4.470799999999999774e-01
-1.121869999999999923e+00
0.000000000000000000e+00
0.000000000000000000e+00
-2.009630000000000027e+00
0.000000000000000000e+00
-1.043930000000000025e+00
0.000000000000000000e+00
0.000000000000000000e+00
0.000000000000000000e+00
1.112419999999999964e+00
0.000000000000000000e+00
-8.330330000000000235e-01
0.000000000000000000e+00
0.000000000000000000e+00
-4.116400000000000059e-01
1.420879999999999921e-01
3.683299999999999907e-01
-1.498860000000000081e+00
0.000000000000000000e+00
1.715090000000000003e+00
4.830289999999999861e-01
-1.328240000000000087e+00
0.000000000000000000e+00
0.000000000000000000e+00
0.000000000000000000e+00
-3.026360000000000161e-02
0.000000000000000000e+00
-3.111450000000000049e-01
1.222140000000000004e+00
0.000000000000000000e+00
-5.016610000000000236e-01
-4.452329999999999899e-01
-1.579939999999999956e-01
2.015579999999999927e+00
0.000000000000000000e+00
0.000000000000000000e+00
-4.239829999999999988e-01
2.558830000000000271e-01
3.135399999999999854e-01
0.000000000000000000e+00
0.000000000000000000e+00
-5.313480000000000286e-02
0.000000000000000000e+00
-3.275629999999999931e-01
0.000000000000000000e+00
1.520430000000000115e-01
9.213440000000000518e-01
7.476180000000000048e-01
0.000000000000000000e+00
9.997009999999999508e-01
8.142479999999999718e-01
3.250600000000000017e-02
2.717069999999999763e-01
1.872600000000000042e+00
8.871900000000000341e-01
9.131099999999999772e-01
8.827159999999999451e-01
1.250439999999999996e+00
5.282850000000000046e-01
5.071259999999999657e-01
2.658380000000000187e-01
-3.149980000000000002e-01
4.292860000000000009e-01
0.000000000000000000e+00
4.856650000000000134e-01
3.148960000000000092e-01
4.462709999999999733e-01
2.003540000000000099e+00
6.389489999999999892e-01
0.000000000000000000e+00
1.244410000000000016e+00
0.000000000000000000e+00
1.736409999999999898e-01
-2.136949999999999961e-01
6.051159999999999872e-01
9.710609999999999520e-01
0.000000000000000000e+00
0.000000000000000000e+00
1.548310000000000075e+00
-4.488439999999999791e-02
1.535970000000000057e+00
0.000000000000000000e+00
-3.740780000000000216e-01
3.825760000000000272e-01
2.854260000000000130e-02
1.480740000000000112e-01
1.224939999999999918e+00
3.735499999999999932e-01
-1.848330000000000112e-02
4.113559999999999994e-01
5.940389999999999837e-01
1.055860000000000021e+00
2.242989999999999984e-01
9.000749999999999584e-01
2.200739999999999919e-01
2.869979999999999840e-03
-3.349030000000000062e-01
0.000000000000000000e+00
2.591769999999999907e-01
0.000000000000000000e+00
9.062329999999999552e-01
0.000000000000000000e+00
0.000000000000000000e+00
1.348709999999999909e-01
0.000000000000000000e+00
4.367070000000000118e-01
1.753099999999999936e-01
-3.536000000000000254e-01
0.000000000000000000e+00
6.496599999999999597e-02
3.567259999999999875e-01
7.743269999999999320e-02
-4.944219999999999865e-02
1.148989999999999956e+00
-7.491240000000000399e-02
1.251819999999999933e+00
3.807490000000000041e-01
0.000000000000000000e+00
8.288219999999999477e-01
7.122079999999999522e-01
0.000000000000000000e+00
0.000000000000000000e+00
-2.161170000000000035e-01
1.550229999999999997e+00
-2.622680000000000150e-02
2.225439999999999918e-01
7.154699999999999949e-02
0.000000000000000000e+00
0.000000000000000000e+00
0.000000000000000000e+00
0.000000000000000000e+00
0.000000000000000000e+00
2.669679999999999831e-01
6.320080000000000142e-02
2.421390000000000001e-02
1.817159999999999886e-01
8.796329999999999982e-01
0.000000000000000000e+00
5.557020000000000293e-01
-9.399699999999999722e-01
-6.287540000000000351e-01
0.000000000000000000e+00
0.000000000000000000e+00
-5.252910000000000218e-02
0.000000000000000000e+00
-2.308929999999999871e-01
0.000000000000000000e+00
0.000000000000000000e+00
1.066079999999999944e-01
0.000000000000000000e+00
0.000000000000000000e+00
0.000000000000000000e+00
0.000000000000000000e+00
-1.994180000000000119e-01
0.000000000000000000e+00
-5.154760000000000453e-01
0.000000000000000000e+00
1.328160000000000007e+00
3.158270000000000244e-01
0.000000000000000000e+00
0.000000000000000000e+00
0.000000000000000000e+00
3.597759999999999847e-01
-3.534579999999999944e-01
0.000000000000000000e+00
0.000000000000000000e+00
0.000000000000000000e+00
-6.740140000000000020e-01
-9.303160000000000318e-01
0.000000000000000000e+00
0.000000000000000000e+00
-8.078639999999999433e-02
1.273600000000000065e+00
-5.642770000000000286e-01
-1.652720000000000022e-01
0.000000000000000000e+00
0.000000000000000000e+00
0.000000000000000000e+00
-9.691690000000000027e-02
1.338410000000000100e+00
-2.021719999999999906e-01
0.000000000000000000e+00
0.000000000000000000e+00
0.000000000000000000e+00
1.721250000000000002e-01
0.000000000000000000e+00
0.000000000000000000e+00
4.902839999999999976e-01
0.000000000000000000e+00
0.000000000000000000e+00
-3.020149999999999918e-02
-6.828049999999999953e-01
2.313550000000000051e-01
0.000000000000000000e+00
0.000000000000000000e+00
4.736779999999999879e-01
0.000000000000000000e+00
-6.618049999999999766e-01
0.000000000000000000e+00
-5.252510000000000234e-01
-3.199690000000000034e-01
0.000000000000000000e+00
-1.828089999999999993e+00
0.000000000000000000e+00
-9.757059999999999622e-01
6.191920000000000063e-02
0.000000000000000000e+00
6.266969999999999485e-01
0.000000000000000000e+00
0.000000000000000000e+00
0.000000000000000000e+00
0.000000000000000000e+00
0.000000000000000000e+00
0.000000000000000000e+00
0.000000000000000000e+00
0.000000000000000000e+00
-4.506899999999999795e-02
0.000000000000000000e+00
1.920570000000000055e-01
4.627269999999999994e-01
-1.201030000000000042e+00
0.000000000000000000e+00
1.795640000000000014e-01
0.000000000000000000e+00
5.142449999999999799e-02
-9.270380000000000287e-01
-1.774180000000000090e+00
0.000000000000000000e+00
0.000000000000000000e+00
0.000000000000000000e+00
5.868750000000000355e-01
-2.393049999999999899e-01
-6.006280000000000507e-01
0.000000000000000000e+00
0.000000000000000000e+00
0.000000000000000000e+00
3.039720000000000200e-01
0.000000000000000000e+00
-6.431189999999999962e-01
-2.169969999999999954e-01
0.000000000000000000e+00
0.000000000000000000e+00
-5.336110000000000159e-02
0.000000000000000000e+00
0.000000000000000000e+00
0.000000000000000000e+00
-1.810319999999999985e-01
8.384740000000000526e-01
-2.333959999999999854e-02
0.000000000000000000e+00
0.000000000000000000e+00
0.000000000000000000e+00
3.090740000000000154e-01
0.000000000000000000e+00
0.000000000000000000e+00
2.539290000000000158e-01
-3.305109999999999992e-03
0.000000000000000000e+00
0.000000000000000000e+00
-5.200939999999999452e-01
0.000000000000000000e+00
0.000000000000000000e+00
-3.231519999999999948e-01
0.000000000000000000e+00
-2.489449999999999996e-02
-4.955660000000000065e-01
-6.516130000000000533e-02
0.000000000000000000e+00
4.466959999999999820e-01
-7.561860000000000248e-01
-5.117030000000000189e-01
0.000000000000000000e+00
0.000000000000000000e+00
0.000000000000000000e+00
0.000000000000000000e+00
-1.697940000000000005e+00
-3.010629999999999903e-02
0.000000000000000000e+00
-2.708630000000000204e-01
0.000000000000000000e+00
0.000000000000000000e+00
0.000000000000000000e+00
-3.525260000000000060e-01
-3.983260000000000134e-01
0.000000000000000000e+00
-5.643059999999999743e-02
0.000000000000000000e+00
-1.238969999999999905e+00
0.000000000000000000e+00
-1.620949999999999891e+00
-8.416490000000000082e-02
0.000000000000000000e+00
3.452460000000000251e-02
-1.101199999999999922e-02
-1.451060000000000016e+00
0.000000000000000000e+00
2.142120000000000135e-01
0.000000000000000000e+00
7.687549999999999939e-02
0.000000000000000000e+00
0.000000000000000000e+00
-1.049549999999999983e+00
5.804539999999999700e-02
0.000000000000000000e+00
0.000000000000000000e+00
1.007480000000000042e-01
4.817509999999999848e-01
3.079580000000000095e-01
-4.455320000000000114e-02
0.000000000000000000e+00
0.000000000000000000e+00
0.000000000000000000e+00
0.000000000000000000e+00
0.000000000000000000e+00
0.000000000000000000e+00
0.000000000000000000e+00
0.000000000000000000e+00
0.000000000000000000e+00
0.000000000000000000e+00
0.000000000000000000e+00
0.000000000000000000e+00
0.000000000000000000e+00
0.000000000000000000e+00
0.000000000000000000e+00
-4.649130000000000207e-01
-7.316190000000000193e-01
0.000000000000000000e+00
0.000000000000000000e+00
0.000000000000000000e+00
0.000000000000000000e+00
0.000000000000000000e+00
-1.803299999999999903e+00
-1.211600000000000038e-01
0.000000000000000000e+00
0.000000000000000000e+00
0.000000000000000000e+00
0.000000000000000000e+00
0.000000000000000000e+00
0.000000000000000000e+00
0.000000000000000000e+00
0.000000000000000000e+00
0.000000000000000000e+00
0.000000000000000000e+00
0.000000000000000000e+00
0.000000000000000000e+00
0.000000000000000000e+00
0.000000000000000000e+00
0.000000000000000000e+00
-3.232519999999999838e-02
0.000000000000000000e+00
0.000000000000000000e+00
0.000000000000000000e+00
4.040699999999999847e-01
-7.303039999999999532e-01
1.304450000000000054e-01
-3.513519999999999976e-01
0.000000000000000000e+00
2.645710000000000006e-01
-4.180919999999999775e-02
-8.864290000000000225e-01
-2.763320000000000099e-03
1.048689999999999900e+00
0.000000000000000000e+00
-2.774550000000000072e-01
0.000000000000000000e+00
0.000000000000000000e+00
0.000000000000000000e+00
0.000000000000000000e+00
-1.734159999999999868e-01
-6.241999999999999771e-01
-2.105519999999999892e-01
0.000000000000000000e+00
3.463229999999999781e-02
0.000000000000000000e+00
-7.683119999999999949e-01
0.000000000000000000e+00
0.000000000000000000e+00
0.000000000000000000e+00
0.000000000000000000e+00
0.000000000000000000e+00
0.000000000000000000e+00
0.000000000000000000e+00
1.534040000000000070e+00
0.000000000000000000e+00
0.000000000000000000e+00
0.000000000000000000e+00
6.733179999999999721e-01
0.000000000000000000e+00
0.000000000000000000e+00
0.000000000000000000e+00
0.000000000000000000e+00
0.000000000000000000e+00
-2.861949999999999824e-03
0.000000000000000000e+00
0.000000000000000000e+00
0.000000000000000000e+00
-3.614859999999999740e-01
0.000000000000000000e+00
0.000000000000000000e+00
0.000000000000000000e+00
-3.600430000000000019e-01
-9.414660000000000251e-01
-1.909029999999999894e-01
-1.209500000000000020e+00
0.000000000000000000e+00
-4.829350000000000032e-01
5.889539999999999775e-01
-1.387960000000000083e+00
0.000000000000000000e+00
-6.307540000000000369e-02
