0.000000000000000000e+00
0.000000000000000000e+00
0.000000000000000000e+00
0.000000000000000000e+00
0.000000000000000000e+00
0.000000000000000000e+00
2.306110000000000104e-01
8.493749999999999911e-01
0.000000000000000000e+00
0.000000000000000000e+00
0.000000000000000000e+00
0.000000000000000000e+00
0.000000000000000000e+00
0.000000000000000000e+00
0.000000000000000000e+00
-5.457490000000000258e-02
0.000000000000000000e+00
3.694290000000000074e-01
0.000000000000000000e+00
0.000000000000000000e+00
0.000000000000000000e+00
3.196769999999999889e-01
0.000000000000000000e+00
0.000000000000000000e+00
0.000000000000000000e+00
0.000000000000000000e+00
0.000000000000000000e+00
-1.648880000000000068e-01
0.000000000000000000e+00
0.000000000000000000e+00
0.000000000000000000e+00
0.000000000000000000e+00
0.000000000000000000e+00
0.000000000000000000e+00
0.000000000000000000e+00
1.095150000000000012e-01
0.000000000000000000e+00
1.764439999999999897e-01
0.000000000000000000e+00
0.000000000000000000e+00
0.000000000000000000e+00
3.010829999999999895e-01
0.000000000000000000e+00
0.000000000000000000e+00
0.000000000000000000e+00
-6.392120000000000024e-01
0.000000000000000000e+00
-1.242550000000000043e-01
0.000000000000000000e+00
0.000000000000000000e+00
0.000000000000000000e+00
0.000000000000000000e+00
0.000000000000000000e+00
-9.787559999999999316e-02
5.279350000000000431e-01
1.495049999999999990e-01
-1.130079999999999973e-01
0.000000000000000000e+00
0.000000000000000000e+00
-1.159459999999999935e-01
-8.298870000000000413e-01
0.000000000000000000e+00
0.000000000000000000e+00
0.000000000000000000e+00
8.725009999999999710e-01
0.000000000000000000e+00
-4.352840000000000042e-01
0.000000000000000000e+00
-1.188369999999999982e-01
0.000000000000000000e+00
0.000000000000000000e+00
-2.062420000000000087e-01
0.000000000000000000e+00
8.274040000000000283e-01
0.000000000000000000e+00
0.000000000000000000e+00
0.000000000000000000e+00
0.000000000000000000e+00
0.000000000000000000e+00
0.000000000000000000e+00
0.000000000000000000e+00
6.365849999999999564e-01
0.000000000000000000e+00
0.000000000000000000e+00
-8.194419999999999482e-02
-3.138639999999999763e-01
0.000000000000000000e+00
0.000000000000000000e+00
0.000000000000000000e+00
0.000000000000000000e+00
0.000000000000000000e+00
0.000000000000000000e+00
0.000000000000000000e+00
0.000000000000000000e+00
0.000000000000000000e+00
0.000000000000000000e+00
0.000000000000000000e+00
0.000000000000000000e+00
0.000000000000000000e+00
0.000000000000000000e+00
7.927660000000000262e-02
2.647619999999999973e-01
2.057219999999999882e-01
0.000000000000000000e+00
0.000000000000000000e+00
8.811299999999999688e-02
2.041500000000000092e+00
1.613489999999999924e-01
1.359950000000000048e-01
0.000000000000000000e+00
1.757289999999999963e-01
0.000000000000000000e+00
1.078219999999999956e+00
0.000000000000000000e+00
0.000000000000000000e+00
0.000000000000000000e+00
0.000000000000000000e+00
8.839950000000000498e-04
0.000000000000000000e+00
0.000000000000000000e+00
0.000000000000000000e+00
2.641089999999999827e-01
4.256949999999999901e-01
-1.063489999999999921e-02
0.000000000000000000e+00
0.000000000000000000e+00
0.000000000000000000e+00
0.000000000000000000e+00
0.000000000000000000e+00
9.033309999999999951e-02
2.395859999999999934e-01
-5.120969999999999689e-02
3.071789999999999798e-01
8.021319999999999562e-01
0.000000000000000000e+00
0.000000000000000000e+00
0.000000000000000000e+00
0.000000000000000000e+00
0.000000000000000000e+00
0.000000000000000000e+00
0.000000000000000000e+00
0.000000000000000000e+00
0.000000000000000000e+00
0.000000000000000000e+00
3.844069999999999987e-01
5.800100000000000255e-01
0.000000000000000000e+00
0.000000000000000000e+00
3.722999999999999921e-02
1.265249999999999986e-01
-1.333989999999999898e-01
-2.544690000000000007e-01
0.000000000000000000e+00
0.000000000000000000e+00
4.582459999999999867e-01
0.000000000000000000e+00
1.892900000000000138e-01
0.000000000000000000e+00
0.000000000000000000e+00
0.000000000000000000e+00
0.000000000000000000e+00
0.000000000000000000e+00
3.331320000000000114e-02
0.000000000000000000e+00
0.000000000000000000e+00
2.590390000000000192e-01
2.842890000000000000e-02
0.000000000000000000e+00
0.000000000000000000e+00
9.574740000000000473e-01
1.927580000000000127e-01
0.000000000000000000e+00
0.000000000000000000e+00
0.000000000000000000e+00
7.488979999999999526e-01
0.000000000000000000e+00
3.309880000000000044e-01
-8.353430000000000577e-02
0.000000000000000000e+00
7.064970000000000416e-01
3.291700000000000181e-01
7.197440000000000504e-01
0.000000000000000000e+00
0.000000000000000000e+00
0.000000000000000000e+00
-2.804499999999999771e-01
4.068169999999999842e-01
0.000000000000000000e+00
0.000000000000000000e+00
1.887870000000000173e-02
0.000000000000000000e+00
0.000000000000000000e+00
6.296749999999999570e-02
0.000000000000000000e+00
0.000000000000000000e+00
-3.093899999999999983e-01
0.000000000000000000e+00
0.000000000000000000e+00
0.000000000000000000e+00
-2.069610000000000061e-01
-4.419020000000000170e-01
0.000000000000000000e+00
0.000000000000000000e+00
0.000000000000000000e+00
-2.662089999999999942e-02
-1.171760000000000024e-01
0.000000000000000000e+00
-7.460309999999999997e-01
0.000000000000000000e+00
0.000000000000000000e+00
0.000000000000000000e+00
0.000000000000000000e+00
0.000000000000000000e+00
0.000000000000000000e+00
0.000000000000000000e+00
0.000000000000000000e+00
0.000000000000000000e+00
0.000000000000000000e+00
0.000000000000000000e+00
-4.582010000000000249e-01
0.000000000000000000e+00
-6.481200000000000294e-01
0.000000000000000000e+00
0.000000000000000000e+00
-1.030630000000000018e-01
-9.631489999999999496e-02
0.000000000000000000e+00
-2.650950000000000251e-01
0.000000000000000000e+00
0.000000000000000000e+00
0.000000000000000000e+00
-2.287450000000000039e-01
0.000000000000000000e+00
0.000000000000000000e+00
-1.945650000000000157e-02
0.000000000000000000e+00
0.000000000000000000e+00
-4.635759999999999881e-01
0.000000000000000000e+00
-2.085559999999999914e-01
0.000000000000000000e+00
0.000000000000000000e+00
0.000000000000000000e+00
-7.331189999999999929e-02
0.000000000000000000e+00
0.000000000000000000e+00
0.000000000000000000e+00
-4.582010000000000249e-01
2.751449999999999729e-01
0.000000000000000000e+00
-5.118559999999999777e-01
-8.638899999999999357e-02
0.000000000000000000e+00
0.000000000000000000e+00
0.000000000000000000e+00
-6.655200000000000005e-01
0.000000000000000000e+00
-1.795139999999999958e+00
0.000000000000000000e+00
0.000000000000000000e+00
0.000000000000000000e+00
0.000000000000000000e+00
0.000000000000000000e+00
0.000000000000000000e+00
0.000000000000000000e+00
0.000000000000000000e+00
0.000000000000000000e+00
-7.921999999999999875e-02
0.000000000000000000e+00
0.000000000000000000e+00
0.000000000000000000e+00
0.000000000000000000e+00
-5.991670000000000051e-01
0.000000000000000000e+00
0.000000000000000000e+00
0.000000000000000000e+00
0.000000000000000000e+00
0.000000000000000000e+00
0.000000000000000000e+00
0.000000000000000000e+00
0.000000000000000000e+00
-3.228650000000000131e-01
-1.855829999999999980e-01
0.000000000000000000e+00
0.000000000000000000e+00
0.000000000000000000e+00
0.000000000000000000e+00
1.119490000000000068e-01
0.000000000000000000e+00
-6.600190000000000223e-01
0.000000000000000000e+00
0.000000000000000000e+00
0.000000000000000000e+00
0.000000000000000000e+00
0.000000000000000000e+00
-1.501079999999999914e-01
0.000000000000000000e+00
0.000000000000000000e+00
0.000000000000000000e+00
0.000000000000000000e+00
0.000000000000000000e+00
0.000000000000000000e+00
2.651939999999999853e-01
0.000000000000000000e+00
0.000000000000000000e+00
0.000000000000000000e+00
0.000000000000000000e+00
0.000000000000000000e+00
0.000000000000000000e+00
0.000000000000000000e+00
0.000000000000000000e+00
0.000000000000000000e+00
0.000000000000000000e+00
5.570169999999999982e-02
0.000000000000000000e+00
0.000000000000000000e+00
0.000000000000000000e+00
0.000000000000000000e+00
0.000000000000000000e+00
0.000000000000000000e+00
0.000000000000000000e+00
0.000000000000000000e+00
0.000000000000000000e+00
0.000000000000000000e+00
0.000000000000000000e+00
-1.108579999999999982e-01
0.000000000000000000e+00
2.525919999999999832e-01
0.000000000000000000e+00
-3.149520000000000097e-02
0.000000000000000000e+00
-1.793269999999999934e-02
0.000000000000000000e+00
0.000000000000000000e+00
-3.521850000000000258e-01
0.000000000000000000e+00
-1.108430000000000026e+00
-1.844660000000000050e-02
-2.610069999999999890e-01
0.000000000000000000e+00
0.000000000000000000e+00
0.000000000000000000e+00
0.000000000000000000e+00
0.000000000000000000e+00
0.000000000000000000e+00
6.317399999999999682e-01
0.000000000000000000e+00
0.000000000000000000e+00
0.000000000000000000e+00
0.000000000000000000e+00
0.000000000000000000e+00
0.000000000000000000e+00
0.000000000000000000e+00
0.000000000000000000e+00
0.000000000000000000e+00
0.000000000000000000e+00
-1.947099999999999942e-01
-1.193629999999999969e-01
0.000000000000000000e+00
0.000000000000000000e+00
0.000000000000000000e+00
0.000000000000000000e+00
0.000000000000000000e+00
0.000000000000000000e+00
0.000000000000000000e+00
0.000000000000000000e+00
0.000000000000000000e+00
0.000000000000000000e+00
0.000000000000000000e+00
0.000000000000000000e+00
0.000000000000000000e+00
0.000000000000000000e+00
0.000000000000000000e+00
0.000000000000000000e+00
0.000000000000000000e+00
0.000000000000000000e+00
0.000000000000000000e+00
0.000000000000000000e+00
0.000000000000000000e+00
0.000000000000000000e+00
0.000000000000000000e+00
0.000000000000000000e+00
0.000000000000000000e+00
0.000000000000000000e+00
0.000000000000000000e+00
0.000000000000000000e+00
0.000000000000000000e+00
0.000000000000000000e+00
0.000000000000000000e+00
0.000000000000000000e+00
0.000000000000000000e+00
0.000000000000000000e+00
0.000000000000000000e+00
0.000000000000000000e+00
0.000000000000000000e+00
0.000000000000000000e+00
0.000000000000000000e+00
0.000000000000000000e+00
0.000000000000000000e+00
0.000000000000000000e+00
0.000000000000000000e+00
1.433210000000000039e-01
0.000000000000000000e+00
0.000000000000000000e+00
2.416200000000000014e-01
0.000000000000000000e+00
0.000000000000000000e+00
0.000000000000000000e+00
0.000000000000000000e+00
0.000000000000000000e+00
0.000000000000000000e+00
0.000000000000000000e+00
0.000000000000000000e+00
0.000000000000000000e+00
0.000000000000000000e+00
0.000000000000000000e+00
-4.921710000000000251e-01
0.000000000000000000e+00
0.000000000000000000e+00
0.000000000000000000e+00
-1.202050000000000080e-03
0.000000000000000000e+00
0.000000000000000000e+00
-1.562280000000000058e-01
4.172569999999999890e-01
0.000000000000000000e+00
0.000000000000000000e+00
0.000000000000000000e+00
0.000000000000000000e+00
0.000000000000000000e+00
0.000000000000000000e+00
0.000000000000000000e+00
5.249230000000000285e-01
0.000000000000000000e+00
-1.579079999999999928e-01
0.000000000000000000e+00
0.000000000000000000e+00
0.000000000000000000e+00
0.000000000000000000e+00
0.000000000000000000e+00
7.585460000000000536e-01
0.000000000000000000e+00
0.000000000000000000e+00
0.000000000000000000e+00
0.000000000000000000e+00
0.000000000000000000e+00
0.000000000000000000e+00
0.000000000000000000e+00
0.000000000000000000e+00
-5.094990000000000352e-01
0.000000000000000000e+00
-1.021419999999999967e-01
0.000000000000000000e+00
0.000000000000000000e+00
-6.229860000000000397e-01
0.000000000000000000e+00
0.000000000000000000e+00
0.000000000000000000e+00
0.000000000000000000e+00
0.000000000000000000e+00
0.000000000000000000e+00
0.000000000000000000e+00
0.000000000000000000e+00
0.000000000000000000e+00
0.000000000000000000e+00
0.000000000000000000e+00
