0.000000000000000000e+00
0.000000000000000000e+00
0.000000000000000000e+00
0.000000000000000000e+00
0.000000000000000000e+00
0.000000000000000000e+00
2.961170000000000191e-01
0.000000000000000000e+00
0.000000000000000000e+00
0.000000000000000000e+00
0.000000000000000000e+00
0.000000000000000000e+00
0.000000000000000000e+00
-4.911579999999999835e-01
0.000000000000000000e+00
-4.159379999999999744e-01
7.429719999999999380e-02
0.000000000000000000e+00
0.000000000000000000e+00
0.000000000000000000e+00
0.000000000000000000e+00
0.000000000000000000e+00
0.000000000000000000e+00
3.759850000000000136e-01
0.000000000000000000e+00
0.000000000000000000e+00
1.063690000000000052e-01
-1.635770000000000002e-01
0.000000000000000000e+00
0.000000000000000000e+00
0.000000000000000000e+00
0.000000000000000000e+00
0.000000000000000000e+00
-4.318370000000000264e-01
9.751880000000000548e-01
0.000000000000000000e+00
1.473939999999999972e-01
2.952969999999999762e-01
2.093730000000000036e-01
3.211640000000000050e-01
-1.559639999999999985e-02
0.000000000000000000e+00
0.000000000000000000e+00
0.000000000000000000e+00
0.000000000000000000e+00
0.000000000000000000e+00
0.000000000000000000e+00
2.720670000000000144e+00
0.000000000000000000e+00
0.000000000000000000e+00
0.000000000000000000e+00
0.000000000000000000e+00
7.345310000000000450e-01
3.089489999999999945e-02
-2.205159999999999898e-01
1.968620000000000092e-01
0.000000000000000000e+00
0.000000000000000000e+00
0.000000000000000000e+00
1.399880000000000013e+00
1.529649999999999954e+00
0.000000000000000000e+00
0.000000000000000000e+00
0.000000000000000000e+00
-9.782589999999999897e-01
-5.737579999999999902e-01
0.000000000000000000e+00
0.000000000000000000e+00
0.000000000000000000e+00
0.000000000000000000e+00
0.000000000000000000e+00
4.205320000000000169e-01
0.000000000000000000e+00
0.000000000000000000e+00
1.897389999999999841e-02
0.000000000000000000e+00
0.000000000000000000e+00
2.094900000000000095e-01
0.000000000000000000e+00
0.000000000000000000e+00
0.000000000000000000e+00
-5.260610000000000008e-01
5.972739999999999716e-01
0.000000000000000000e+00
0.000000000000000000e+00
1.926200000000000134e-01
-4.428949999999999831e-01
0.000000000000000000e+00
0.000000000000000000e+00
2.932389999999999997e-02
0.000000000000000000e+00
0.000000000000000000e+00
0.000000000000000000e+00
0.000000000000000000e+00
3.257769999999999833e-01
0.000000000000000000e+00
0.000000000000000000e+00
0.000000000000000000e+00
0.000000000000000000e+00
-2.141250000000000098e-01
0.000000000000000000e+00
0.000000000000000000e+00
0.000000000000000000e+00
0.000000000000000000e+00
0.000000000000000000e+00
0.000000000000000000e+00
0.000000000000000000e+00
0.000000000000000000e+00
0.000000000000000000e+00
0.000000000000000000e+00
-5.318009999999999682e-01
0.000000000000000000e+00
2.868650000000000019e-02
0.000000000000000000e+00
0.000000000000000000e+00
-7.345840000000000147e-01
-2.022789999999999866e-01
0.000000000000000000e+00
-8.497230000000000061e-02
0.000000000000000000e+00
-5.907690000000000163e-02
0.000000000000000000e+00
0.000000000000000000e+00
6.377850000000000463e-01
0.000000000000000000e+00
0.000000000000000000e+00
0.000000000000000000e+00
0.000000000000000000e+00
0.000000000000000000e+00
0.000000000000000000e+00
2.482600000000000084e-01
3.364619999999999833e-01
0.000000000000000000e+00
0.000000000000000000e+00
-1.254929999999999934e-01
0.000000000000000000e+00
3.788569999999999993e-01
1.349069999999999991e-01
0.000000000000000000e+00
0.000000000000000000e+00
0.000000000000000000e+00
0.000000000000000000e+00
0.000000000000000000e+00
-2.090710000000000068e-01
0.000000000000000000e+00
0.000000000000000000e+00
0.000000000000000000e+00
0.000000000000000000e+00
0.000000000000000000e+00
2.922690000000000010e-01
9.790880000000000069e-03
2.436599999999999877e-01
0.000000000000000000e+00
0.000000000000000000e+00
0.000000000000000000e+00
0.000000000000000000e+00
0.000000000000000000e+00
0.000000000000000000e+00
5.335790000000000255e-01
0.000000000000000000e+00
-2.714329999999999798e-01
-2.116500000000000048e-01
-1.408629999999999882e-01
3.573999999999999955e-01
0.000000000000000000e+00
-4.992869999999999947e-02
0.000000000000000000e+00
0.000000000000000000e+00
-5.936690000000000023e-01
0.000000000000000000e+00
0.000000000000000000e+00
0.000000000000000000e+00
0.000000000000000000e+00
5.133410000000000473e-01
0.000000000000000000e+00
0.000000000000000000e+00
0.000000000000000000e+00
0.000000000000000000e+00
0.000000000000000000e+00
0.000000000000000000e+00
0.000000000000000000e+00
3.920219999999999816e-01
0.000000000000000000e+00
0.000000000000000000e+00
0.000000000000000000e+00
5.111929999999999946e-02
0.000000000000000000e+00
0.000000000000000000e+00
0.000000000000000000e+00
0.000000000000000000e+00
0.000000000000000000e+00
0.000000000000000000e+00
0.000000000000000000e+00
-3.548319999999999808e-01
0.000000000000000000e+00
2.219569999999999876e-01
0.000000000000000000e+00
5.331779999999999853e-02
6.837419999999999609e-02
3.668660000000000254e-01
1.015320000000000000e+00
0.000000000000000000e+00
1.011380000000000057e-01
0.000000000000000000e+00
0.000000000000000000e+00
2.163339999999999985e-01
0.000000000000000000e+00
0.000000000000000000e+00
-2.998069999999999902e-02
0.000000000000000000e+00
0.000000000000000000e+00
0.000000000000000000e+00
0.000000000000000000e+00
0.000000000000000000e+00
0.000000000000000000e+00
6.851639999999999953e-01
0.000000000000000000e+00
3.444360000000000199e-01
9.711190000000000100e-02
3.809649999999999981e-01
0.000000000000000000e+00
3.831499999999999906e-01
1.606599999999999973e-01
0.000000000000000000e+00
5.011510000000000131e-01
1.112260000000000026e+00
2.473640000000000005e-01
5.192539999999999933e-01
0.000000000000000000e+00
0.000000000000000000e+00
0.000000000000000000e+00
1.521750000000000047e-01
0.000000000000000000e+00
0.000000000000000000e+00
1.642000000000000126e-01
1.745099999999999985e-01
4.856210000000000249e-01
2.073599999999999888e-01
6.841409999999999991e-01
0.000000000000000000e+00
0.000000000000000000e+00
-8.861870000000000858e-03
8.996859999999999857e-01
1.159070000000000045e+00
0.000000000000000000e+00
0.000000000000000000e+00
1.683330000000000104e-01
0.000000000000000000e+00
3.639549999999999730e-01
6.405659999999999688e-01
0.000000000000000000e+00
1.853319999999999967e-01
1.272530000000000050e-01
0.000000000000000000e+00
0.000000000000000000e+00
3.053009999999999891e-01
6.990859999999999852e-01
5.036969999999999503e-01
-2.767490000000000228e-01
0.000000000000000000e+00
0.000000000000000000e+00
0.000000000000000000e+00
0.000000000000000000e+00
0.000000000000000000e+00
2.555060000000000109e-01
0.000000000000000000e+00
0.000000000000000000e+00
5.228650000000000242e-01
0.000000000000000000e+00
5.706189999999999873e-01
6.875320000000000320e-01
7.682780000000000165e-01
0.000000000000000000e+00
0.000000000000000000e+00
5.817520000000000469e-01
0.000000000000000000e+00
0.000000000000000000e+00
2.712910000000000044e-01
7.562349999999999905e-01
0.000000000000000000e+00
-6.844549999999999593e-03
3.682440000000000158e-01
-1.387909999999999977e-01
0.000000000000000000e+00
0.000000000000000000e+00
0.000000000000000000e+00
4.035159999999999858e-01
0.000000000000000000e+00
0.000000000000000000e+00
6.604590000000000183e-01
0.000000000000000000e+00
0.000000000000000000e+00
3.674689999999999901e-01
-5.679170000000000051e-01
0.000000000000000000e+00
-3.052090000000000081e-01
4.770400000000000196e-01
0.000000000000000000e+00
-3.677989999999999871e-01
1.976710000000000134e-01
0.000000000000000000e+00
0.000000000000000000e+00
0.000000000000000000e+00
-1.266289999999999916e-01
-1.852050000000000085e-01
-3.922249999999999903e-01
0.000000000000000000e+00
0.000000000000000000e+00
4.214760000000000034e-02
1.386940000000000117e-01
0.000000000000000000e+00
0.000000000000000000e+00
-8.201110000000000344e-02
-2.865130000000000107e-02
-3.069390000000000174e-01
6.940490000000000548e-02
0.000000000000000000e+00
-5.290150000000000130e-01
-1.241249999999999964e+00
0.000000000000000000e+00
0.000000000000000000e+00
0.000000000000000000e+00
0.000000000000000000e+00
0.000000000000000000e+00
8.121620000000000505e-01
2.505029999999999757e-01
0.000000000000000000e+00
0.000000000000000000e+00
7.025390000000000246e-01
0.000000000000000000e+00
-6.961709999999999843e-01
-3.398280000000000189e-01
-9.145020000000000371e-01
0.000000000000000000e+00
0.000000000000000000e+00
0.000000000000000000e+00
0.000000000000000000e+00
0.000000000000000000e+00
0.000000000000000000e+00
-2.361250000000000154e-02
5.270909999999999762e-01
0.000000000000000000e+00
2.148760000000000114e-01
3.146260000000000029e-02
-4.729659999999999975e-01
0.000000000000000000e+00
0.000000000000000000e+00
0.000000000000000000e+00
0.000000000000000000e+00
6.353619999999999823e-01
0.000000000000000000e+00
-1.949299999999999922e-01
0.000000000000000000e+00
0.000000000000000000e+00
0.000000000000000000e+00
4.907730000000000148e-01
1.217649999999999899e+00
-2.350599999999999912e-01
0.000000000000000000e+00
0.000000000000000000e+00
0.000000000000000000e+00
0.000000000000000000e+00
0.000000000000000000e+00
-6.813960000000000017e-01
3.081740000000000035e-01
0.000000000000000000e+00
3.477049999999999863e-01
-8.820229999999999737e-02
0.000000000000000000e+00
0.000000000000000000e+00
0.000000000000000000e+00
-9.807919999999999972e-01
7.772750000000000492e-01
0.000000000000000000e+00
0.000000000000000000e+00
0.000000000000000000e+00
0.000000000000000000e+00
0.000000000000000000e+00
0.000000000000000000e+00
0.000000000000000000e+00
0.000000000000000000e+00
0.000000000000000000e+00
0.000000000000000000e+00
-2.797470000000000234e-01
0.000000000000000000e+00
0.000000000000000000e+00
0.000000000000000000e+00
-7.181950000000000278e-01
0.000000000000000000e+00
0.000000000000000000e+00
0.000000000000000000e+00
0.000000000000000000e+00
0.000000000000000000e+00
0.000000000000000000e+00
0.000000000000000000e+00
-8.244419999999999527e-02
0.000000000000000000e+00
-1.704409999999999981e+00
-3.556579999999999742e-01
-1.418459999999999999e-01
-7.416309999999999569e-02
-2.954419999999999824e-01
0.000000000000000000e+00
-1.827729999999999910e-01
3.926009999999999778e-01
-1.811860000000000137e-01
0.000000000000000000e+00
0.000000000000000000e+00
0.000000000000000000e+00
0.000000000000000000e+00
-1.702230000000000132e-01
-3.010939999999999728e-01
-1.552560000000000051e-01
0.000000000000000000e+00
-1.140980000000000050e-01
0.000000000000000000e+00
0.000000000000000000e+00
8.770170000000000465e-01
-6.962159999999999460e-01
-7.942649999999999988e-01
-3.493310000000000026e-01
0.000000000000000000e+00
0.000000000000000000e+00
8.076280000000000125e-01
-5.901729999999999476e-01
-9.192299999999999915e-01
-9.289520000000000000e-01
0.000000000000000000e+00
0.000000000000000000e+00
-4.455430000000000224e-01
0.000000000000000000e+00
0.000000000000000000e+00
-3.069069999999999854e-01
0.000000000000000000e+00
0.000000000000000000e+00
0.000000000000000000e+00
0.000000000000000000e+00
0.000000000000000000e+00
0.000000000000000000e+00
0.000000000000000000e+00
-7.384199999999999653e-01
-1.985959999999999948e-01
-5.058880000000000321e-02
0.000000000000000000e+00
0.000000000000000000e+00
0.000000000000000000e+00
-1.316610000000000003e-02
0.000000000000000000e+00
0.000000000000000000e+00
0.000000000000000000e+00
0.000000000000000000e+00
4.152230000000000087e-01
0.000000000000000000e+00
-1.505509999999999904e+00
-1.910360000000000114e-01
-9.735829999999999762e-01
0.000000000000000000e+00
-7.050990000000000313e-01
0.000000000000000000e+00
0.000000000000000000e+00
0.000000000000000000e+00
0.000000000000000000e+00
-2.267069999999999919e-01
0.000000000000000000e+00
-1.662839999999999874e-01
-9.393839999999999968e-01
