-9.470750000000000002e-01
0.000000000000000000e+00
0.000000000000000000e+00
0.000000000000000000e+00
-4.808370000000000144e-01
0.000000000000000000e+00
-3.455969999999999875e-02
0.000000000000000000e+00
0.000000000000000000e+00
2.774900000000000144e+00
6.339390000000000303e-01
0.000000000000000000e+00
2.143279999999999852e+00
-3.825879999999999836e-01
8.025539999999999896e-01
0.000000000000000000e+00
0.000000000000000000e+00
0.000000000000000000e+00
0.000000000000000000e+00
0.000000000000000000e+00
0.000000000000000000e+00
-1.450440000000000063e-01
-2.922019999999999840e+00
0.000000000000000000e+00
0.000000000000000000e+00
0.000000000000000000e+00
-1.027290000000000009e-01
0.000000000000000000e+00
-2.599299999999999944e+00
0.000000000000000000e+00
0.000000000000000000e+00
-4.136150000000000104e-01
0.000000000000000000e+00
6.265939999999999843e-01
7.802040000000000086e-01
-1.848809999999999898e-01
0.000000000000000000e+00
0.000000000000000000e+00
0.000000000000000000e+00
0.000000000000000000e+00
-1.058200000000000029e+00
3.177340000000000164e-01
0.000000000000000000e+00
0.000000000000000000e+00
0.000000000000000000e+00
0.000000000000000000e+00
0.000000000000000000e+00
0.000000000000000000e+00
0.000000000000000000e+00
3.018040000000000167e-01
0.000000000000000000e+00
0.000000000000000000e+00
0.000000000000000000e+00
2.253760000000000051e-03
-5.076399999999999801e-01
0.000000000000000000e+00
0.000000000000000000e+00
0.000000000000000000e+00
1.390719999999999956e+00
0.000000000000000000e+00
2.770820000000000061e+00
-1.056910000000000016e+00
-2.548919999999999852e+00
-3.579869999999999997e-01
-2.656430000000000180e-01
-8.415270000000000250e-01
2.658179999999999987e-01
0.000000000000000000e+00
-4.474770000000000136e-01
-4.401329999999999965e-01
0.000000000000000000e+00
-9.471210000000000739e-03
4.756639999999999757e-01
0.000000000000000000e+00
0.000000000000000000e+00
0.000000000000000000e+00
0.000000000000000000e+00
0.000000000000000000e+00
-1.252990000000000048e+00
1.812279999999999891e+00
-4.152050000000000018e+00
0.000000000000000000e+00
0.000000000000000000e+00
0.000000000000000000e+00
-5.156460000000000488e-01
-1.512610000000000066e-01
1.080279999999999990e-01
0.000000000000000000e+00
1.683189999999999964e-01
1.251719999999999944e+00
0.000000000000000000e+00
2.066910000000000025e+00
0.000000000000000000e+00
0.000000000000000000e+00
0.000000000000000000e+00
0.000000000000000000e+00
-8.968369999999999953e-01
0.000000000000000000e+00
0.000000000000000000e+00
-1.727889999999999926e+00
-6.655269999999999797e-01
0.000000000000000000e+00
-1.225279999999999925e+00
-1.318289999999999962e+00
-1.633659999999999890e+00
-1.573199999999999932e+00
0.000000000000000000e+00
-9.527090000000000281e-01
0.000000000000000000e+00
3.726979999999999963e-03
-4.218999999999999972e-01
3.618839999999999835e-01
0.000000000000000000e+00
5.677389999999999937e-01
0.000000000000000000e+00
-3.526639999999999775e-01
0.000000000000000000e+00
3.181280000000000219e-01
-4.085630000000000095e-01
-2.319509999999999905e-01
0.000000000000000000e+00
0.000000000000000000e+00
0.000000000000000000e+00
0.000000000000000000e+00
3.190690000000000193e-02
0.000000000000000000e+00
-4.921770000000000422e+00
8.511039999999999717e-01
-3.923189999999999733e-01
0.000000000000000000e+00
4.664619999999999878e-01
7.085349999999999981e-02
0.000000000000000000e+00
-6.467209999999999626e-02
0.000000000000000000e+00
1.879939999999999944e+00
1.303239999999999954e+00
-1.270950000000000135e-01
-6.693630000000000413e-01
1.474610000000000087e-01
0.000000000000000000e+00
-1.224159999999999970e-01
0.000000000000000000e+00
0.000000000000000000e+00
-1.996070000000000066e-01
1.125380000000000047e+00
3.818480000000000096e+00
0.000000000000000000e+00
0.000000000000000000e+00
0.000000000000000000e+00
-2.826179999999999803e-01
0.000000000000000000e+00
-9.868400000000000505e-01
-5.178099999999999925e-01
-2.403899999999999926e-01
7.079999999999999627e-01
3.464570000000000149e-01
2.669000000000000039e+00
0.000000000000000000e+00
5.712990000000000013e-01
0.000000000000000000e+00
-1.065090000000000092e+00
1.225279999999999925e+00
0.000000000000000000e+00
1.128789999999999960e+00
5.672700000000000520e-01
-1.121269999999999989e+00
-1.229020000000000001e+00
-1.744660000000000100e+00
0.000000000000000000e+00
0.000000000000000000e+00
0.000000000000000000e+00
0.000000000000000000e+00
0.000000000000000000e+00
-5.721990000000000132e-01
-2.603439999999999976e+00
-4.872800000000000048e-02
-1.563280000000000003e+00
2.038940000000000197e+00
0.000000000000000000e+00
0.000000000000000000e+00
1.723639999999999894e-01
0.000000000000000000e+00
0.000000000000000000e+00
1.352119999999999989e+00
5.530840000000000201e-01
0.000000000000000000e+00
1.434930000000000094e-01
0.000000000000000000e+00
0.000000000000000000e+00
-1.213770000000000016e+00
0.000000000000000000e+00
0.000000000000000000e+00
1.687130000000000019e+00
-2.473720000000000141e+00
0.000000000000000000e+00
3.225230000000000041e-01
-3.332620000000000027e-01
0.000000000000000000e+00
2.319650000000000212e+00
2.534229999999999983e+00
1.475440000000000085e+00
-1.614039999999999919e+00
0.000000000000000000e+00
0.000000000000000000e+00
0.000000000000000000e+00
0.000000000000000000e+00
-6.352330000000000476e-01
0.000000000000000000e+00
-6.170769999999999866e-01
-2.815360000000000085e-01
0.000000000000000000e+00
0.000000000000000000e+00
0.000000000000000000e+00
0.000000000000000000e+00
0.000000000000000000e+00
0.000000000000000000e+00
-8.459330000000000460e-01
-8.733260000000000467e-01
1.492990000000000039e+00
-1.156039999999999957e+00
8.044499999999999984e-01
0.000000000000000000e+00
-2.004610000000000072e-02
0.000000000000000000e+00
0.000000000000000000e+00
-2.296689999999999843e-02
9.981489999999999529e-01
0.000000000000000000e+00
0.000000000000000000e+00
0.000000000000000000e+00
0.000000000000000000e+00
0.000000000000000000e+00
0.000000000000000000e+00
9.004849999999999799e-01
-3.678830000000000294e-02
0.000000000000000000e+00
0.000000000000000000e+00
1.069339999999999957e+00
-4.118269999999999875e+00
0.000000000000000000e+00
-1.860789999999999944e-01
-1.872479999999999978e-02
0.000000000000000000e+00
0.000000000000000000e+00
0.000000000000000000e+00
3.269429999999999836e-01
4.209399999999999809e-01
0.000000000000000000e+00
0.000000000000000000e+00
0.000000000000000000e+00
0.000000000000000000e+00
-6.159339999999999954e-02
9.507180000000000275e-04
0.000000000000000000e+00
0.000000000000000000e+00
-3.308880000000000154e-01
-6.192779999999999951e-01
7.043779999999999486e-01
0.000000000000000000e+00
7.368540000000000090e-01
0.000000000000000000e+00
8.303469999999999462e-01
-7.452980000000000160e-01
0.000000000000000000e+00
-1.328699999999999992e+00
5.955289999999999750e-01
9.649829999999999519e-02
0.000000000000000000e+00
4.705770000000000231e-01
0.000000000000000000e+00
-9.676970000000000016e-02
9.306619999999999893e-01
0.000000000000000000e+00
7.883809999999999985e-01
0.000000000000000000e+00
4.382300000000000084e-01
-1.143119999999999914e+00
5.837240000000000206e-01
-4.985209999999999919e-01
-5.149049999999999461e-01
2.096560000000000201e+00
-7.085349999999999981e-02
1.304689999999999905e+00
0.000000000000000000e+00
7.743319999999999370e-02
1.435810000000000031e+00
2.145229999999999915e-01
2.114300000000000068e+00
3.616369999999999862e-01
0.000000000000000000e+00
0.000000000000000000e+00
0.000000000000000000e+00
0.000000000000000000e+00
0.000000000000000000e+00
1.654430000000000067e-01
-1.379680000000000017e+00
0.000000000000000000e+00
1.416279999999999983e+00
-4.552840000000000220e-01
0.000000000000000000e+00
5.834369999999999834e-01
0.000000000000000000e+00
0.000000000000000000e+00
-2.199299999999999866e-01
-3.238590000000000080e-01
7.833409999999999540e-01
2.727710000000000079e+00
0.000000000000000000e+00
2.927939999999999987e-01
5.154389999999999805e-01
1.124829999999999997e+00
-7.400229999999999864e-01
-2.032180000000000097e-02
-8.718690000000000051e-01
4.705820000000000003e-01
-1.254720000000000057e+00
0.000000000000000000e+00
-6.231109999999999705e-01
0.000000000000000000e+00
1.333309999999999995e+00
0.000000000000000000e+00
0.000000000000000000e+00
1.826230000000000075e-01
-1.772509999999999919e-01
6.319280000000000452e-01
0.000000000000000000e+00
0.000000000000000000e+00
5.590490000000000181e-01
-8.689029999999999809e-01
0.000000000000000000e+00
2.369459999999999900e-01
7.056829999999999492e-01
0.000000000000000000e+00
0.000000000000000000e+00
2.684590000000000032e+00
2.589770000000000127e+00
2.212639999999999885e-01
0.000000000000000000e+00
0.000000000000000000e+00
5.686449999999999561e-01
0.000000000000000000e+00
0.000000000000000000e+00
0.000000000000000000e+00
-7.139030000000000202e-03
5.518579999999999597e-01
1.109790000000000054e+00
1.503650000000000039e-03
1.026280000000000081e+00
1.265390000000000015e+00
5.271080000000000210e-01
2.392129999999999951e-02
1.295619999999999994e+00
0.000000000000000000e+00
6.724200000000000177e-01
5.530389999999999473e-01
2.074050000000000171e+00
7.747169999999999890e-01
-4.204049999999999732e-01
8.746039999999999370e-02
-7.799160000000000537e-01
0.000000000000000000e+00
0.000000000000000000e+00
0.000000000000000000e+00
0.000000000000000000e+00
0.000000000000000000e+00
8.426640000000000519e-02
2.615569999999999840e-01
1.093900000000000081e-02
8.294449999999999878e-01
2.882210000000000050e-01
0.000000000000000000e+00
7.895879999999999566e-01
0.000000000000000000e+00
0.000000000000000000e+00
0.000000000000000000e+00
-1.421769999999999978e+00
0.000000000000000000e+00
0.000000000000000000e+00
0.000000000000000000e+00
-7.079069999999999530e-01
0.000000000000000000e+00
0.000000000000000000e+00
1.848809999999999898e-01
4.736250000000000182e-01
0.000000000000000000e+00
0.000000000000000000e+00
-1.222900000000000098e+00
0.000000000000000000e+00
0.000000000000000000e+00
0.000000000000000000e+00
0.000000000000000000e+00
0.000000000000000000e+00
0.000000000000000000e+00
0.000000000000000000e+00
-1.354039999999999910e+00
0.000000000000000000e+00
0.000000000000000000e+00
-1.206700000000000106e+00
-1.123380000000000045e+00
-6.135260000000000158e-01
-7.129480000000000262e-01
0.000000000000000000e+00
0.000000000000000000e+00
-4.533639999999999892e-01
-1.303239999999999954e+00
0.000000000000000000e+00
-9.088490000000000457e-02
5.413510000000000266e-01
0.000000000000000000e+00
-2.080880000000000063e+00
0.000000000000000000e+00
-1.071499999999999897e+00
0.000000000000000000e+00
0.000000000000000000e+00
0.000000000000000000e+00
0.000000000000000000e+00
0.000000000000000000e+00
-8.145800000000000263e-02
-1.178399999999999892e+00
-2.869380000000000264e-01
0.000000000000000000e+00
-9.582829999999999959e-01
-3.469910000000000050e+00
9.564290000000000291e-02
-2.845650000000000124e-01
2.691859999999999808e-01
0.000000000000000000e+00
0.000000000000000000e+00
-9.134459999999999802e-01
-8.574249999999999927e-02
-3.482120000000000215e-01
-1.241469999999999935e-01
0.000000000000000000e+00
5.420469999999999455e-01
0.000000000000000000e+00
0.000000000000000000e+00
-4.527680000000000038e-01
0.000000000000000000e+00
-3.225270000000000081e-01
-1.021630000000000038e+00
8.696009999999999573e-01
-3.643170000000000019e-01
-7.316749999999999643e-01
0.000000000000000000e+00
0.000000000000000000e+00
-2.479830000000000201e+00
-5.530840000000000201e-01
-1.452860000000000040e+00
-1.941889999999999894e+00
-1.603669999999999929e+00
-1.641199999999999992e+00
-1.855219999999999925e-01
0.000000000000000000e+00
-2.707939999999999792e-01
-2.504830000000000112e-01
-2.824320000000000164e-01
2.161690000000000000e-01
0.000000000000000000e+00
4.704499999999999793e-01
-1.698199999999999932e+00
0.000000000000000000e+00
-4.964090000000000169e-02
0.000000000000000000e+00
-6.372269999999999879e-01
0.000000000000000000e+00
