4.963130000000000042e-01
0.000000000000000000e+00
2.504910000000000123e-02
6.481459999999999999e-01
4.483949999999999880e-01
2.626580000000000026e-01
1.571690000000000031e+00
5.344340000000000375e-03
-1.715980000000000005e-01
0.000000000000000000e+00
0.000000000000000000e+00
1.279939999999999967e-01
0.000000000000000000e+00
0.000000000000000000e+00
0.000000000000000000e+00
5.511430000000000495e-01
0.000000000000000000e+00
0.000000000000000000e+00
0.000000000000000000e+00
9.170730000000000270e-01
0.000000000000000000e+00
1.872330000000000105e-01
1.011139999999999955e-01
0.000000000000000000e+00
1.249899999999999969e-02
3.983380000000000254e-02
1.546480000000000077e-01
0.000000000000000000e+00
1.855620000000000047e-01
-2.299309999999999965e-01
-6.188219999999999832e-01
2.006650000000000100e-01
1.310789999999999900e+00
0.000000000000000000e+00
1.950389999999999902e-01
0.000000000000000000e+00
-6.148130000000000539e-01
0.000000000000000000e+00
0.000000000000000000e+00
0.000000000000000000e+00
0.000000000000000000e+00
0.000000000000000000e+00
-2.307410000000000017e-01
5.473209999999999881e-02
0.000000000000000000e+00
2.717010000000000258e-01
4.103430000000000133e-01
-2.370950000000000002e-01
0.000000000000000000e+00
-1.080200000000000049e-01
-2.476859999999999895e-01
0.000000000000000000e+00
-9.029460000000000264e-01
0.000000000000000000e+00
0.000000000000000000e+00
5.113050000000000234e-02
0.000000000000000000e+00
5.070280000000000342e-01
0.000000000000000000e+00
0.000000000000000000e+00
0.000000000000000000e+00
0.000000000000000000e+00
1.696660000000000112e-01
-2.959749999999999881e-01
0.000000000000000000e+00
0.000000000000000000e+00
-2.302349999999999952e-01
3.079160000000000230e-01
0.000000000000000000e+00
2.102479999999999974e-02
0.000000000000000000e+00
0.000000000000000000e+00
-2.312589999999999923e-01
0.000000000000000000e+00
4.538559999999999817e-02
0.000000000000000000e+00
0.000000000000000000e+00
8.809029999999999916e-01
0.000000000000000000e+00
0.000000000000000000e+00
0.000000000000000000e+00
0.000000000000000000e+00
4.916759999999999881e-02
2.299309999999999965e-01
0.000000000000000000e+00
8.310049999999999382e-02
3.001900000000000054e-02
3.849850000000000216e-01
0.000000000000000000e+00
0.000000000000000000e+00
4.743580000000000019e-01
0.000000000000000000e+00
0.000000000000000000e+00
0.000000000000000000e+00
0.000000000000000000e+00
0.000000000000000000e+00
0.000000000000000000e+00
0.000000000000000000e+00
2.611100000000000088e-01
0.000000000000000000e+00
0.000000000000000000e+00
0.000000000000000000e+00
0.000000000000000000e+00
0.000000000000000000e+00
0.000000000000000000e+00
0.000000000000000000e+00
0.000000000000000000e+00
0.000000000000000000e+00
0.000000000000000000e+00
0.000000000000000000e+00
0.000000000000000000e+00
0.000000000000000000e+00
1.030520000000000047e-02
0.000000000000000000e+00
0.000000000000000000e+00
3.294130000000000114e-01
0.000000000000000000e+00
0.000000000000000000e+00
7.684990000000000432e-01
1.178180000000000061e-01
0.000000000000000000e+00
0.000000000000000000e+00
4.659349999999999881e-01
0.000000000000000000e+00
0.000000000000000000e+00
1.800420000000000145e-02
0.000000000000000000e+00
0.000000000000000000e+00
2.696500000000000008e-01
0.000000000000000000e+00
0.000000000000000000e+00
0.000000000000000000e+00
4.269310000000000049e-01
0.000000000000000000e+00
4.352739999999999942e-01
4.500350000000000183e-01
3.075760000000000161e-01
0.000000000000000000e+00
1.729150000000000131e-01
0.000000000000000000e+00
0.000000000000000000e+00
2.471520000000000106e-01
2.924389999999999976e-02
7.863590000000000302e-01
0.000000000000000000e+00
4.072569999999999663e-02
0.000000000000000000e+00
0.000000000000000000e+00
0.000000000000000000e+00
0.000000000000000000e+00
0.000000000000000000e+00
0.000000000000000000e+00
0.000000000000000000e+00
4.955079999999999901e-02
0.000000000000000000e+00
0.000000000000000000e+00
0.000000000000000000e+00
0.000000000000000000e+00
0.000000000000000000e+00
0.000000000000000000e+00
4.087509999999999755e-02
0.000000000000000000e+00
3.543210000000000109e-02
-3.663489999999999802e-01
7.740120000000000333e-02
0.000000000000000000e+00
0.000000000000000000e+00
0.000000000000000000e+00
0.000000000000000000e+00
0.000000000000000000e+00
0.000000000000000000e+00
0.000000000000000000e+00
0.000000000000000000e+00
5.389300000000000340e-02
1.679569999999999952e-01
0.000000000000000000e+00
0.000000000000000000e+00
0.000000000000000000e+00
7.981660000000000144e-02
0.000000000000000000e+00
0.000000000000000000e+00
0.000000000000000000e+00
0.000000000000000000e+00
0.000000000000000000e+00
0.000000000000000000e+00
0.000000000000000000e+00
0.000000000000000000e+00
0.000000000000000000e+00
0.000000000000000000e+00
9.410110000000000419e-01
8.914450000000000429e-01
0.000000000000000000e+00
0.000000000000000000e+00
2.240850000000000064e-01
0.000000000000000000e+00
0.000000000000000000e+00
5.880309999999999704e-01
3.234210000000000140e-01
3.365159999999999679e-02
2.868990000000000151e-01
2.138700000000000045e-01
-5.093790000000000262e-01
0.000000000000000000e+00
0.000000000000000000e+00
4.034690000000000221e-01
0.000000000000000000e+00
5.278920000000000140e-02
4.841509999999999980e-01
0.000000000000000000e+00
0.000000000000000000e+00
0.000000000000000000e+00
0.000000000000000000e+00
0.000000000000000000e+00
2.851819999999999911e-01
-3.939830000000000276e-01
4.820650000000000213e-01
6.762010000000000520e-01
7.125420000000000365e-02
1.371819999999999984e-01
1.382230000000000125e-01
3.788799999999999946e-01
2.600799999999999779e-01
0.000000000000000000e+00
0.000000000000000000e+00
0.000000000000000000e+00
2.913949999999999874e-02
0.000000000000000000e+00
0.000000000000000000e+00
1.989439999999999958e-02
0.000000000000000000e+00
0.000000000000000000e+00
4.542000000000000204e-02
9.509940000000000060e-02
-3.436560000000000170e-01
0.000000000000000000e+00
0.000000000000000000e+00
0.000000000000000000e+00
0.000000000000000000e+00
0.000000000000000000e+00
0.000000000000000000e+00
0.000000000000000000e+00
0.000000000000000000e+00
0.000000000000000000e+00
0.000000000000000000e+00
0.000000000000000000e+00
6.769079999999999542e-01
0.000000000000000000e+00
0.000000000000000000e+00
0.000000000000000000e+00
1.676449999999999885e-01
0.000000000000000000e+00
-1.708860000000000101e-01
-5.631610000000000227e-01
-2.295429999999999970e-01
-4.981129999999999725e-01
0.000000000000000000e+00
0.000000000000000000e+00
0.000000000000000000e+00
0.000000000000000000e+00
0.000000000000000000e+00
0.000000000000000000e+00
-7.981819999999999471e-01
-5.278289999999999926e-01
-5.950130000000000141e-01
-9.264000000000000012e-02
-3.585769999999999791e-01
-1.849059999999999870e-01
0.000000000000000000e+00
-6.726600000000000357e-01
-7.177019999999999511e-01
0.000000000000000000e+00
0.000000000000000000e+00
0.000000000000000000e+00
-5.910400000000000098e-01
0.000000000000000000e+00
0.000000000000000000e+00
0.000000000000000000e+00
1.998080000000000134e-01
-1.818019999999999914e-01
-5.063819999999999988e-01
0.000000000000000000e+00
0.000000000000000000e+00
0.000000000000000000e+00
-5.089989999999999792e-01
-1.092969999999999997e+00
0.000000000000000000e+00
-1.260169999999999901e-01
0.000000000000000000e+00
0.000000000000000000e+00
0.000000000000000000e+00
0.000000000000000000e+00
0.000000000000000000e+00
0.000000000000000000e+00
0.000000000000000000e+00
-5.003239999999999910e-01
0.000000000000000000e+00
0.000000000000000000e+00
0.000000000000000000e+00
0.000000000000000000e+00
0.000000000000000000e+00
0.000000000000000000e+00
2.190590000000000037e-01
-2.726489999999999747e-01
-1.340010000000000090e-01
-3.010449999999999932e-02
-9.489849999999999675e-02
-1.771169999999999967e-01
0.000000000000000000e+00
0.000000000000000000e+00
-1.498969999999999914e+00
0.000000000000000000e+00
-7.509179999999999744e-01
0.000000000000000000e+00
0.000000000000000000e+00
0.000000000000000000e+00
0.000000000000000000e+00
0.000000000000000000e+00
0.000000000000000000e+00
-4.836380000000000123e-01
-2.104929999999999968e+00
0.000000000000000000e+00
0.000000000000000000e+00
-3.021059999999999857e-01
-1.349679999999999991e+00
0.000000000000000000e+00
0.000000000000000000e+00
-1.920399999999999885e-01
-1.332550000000000123e-01
-6.544780000000000042e-01
-5.052170000000000272e-01
0.000000000000000000e+00
0.000000000000000000e+00
0.000000000000000000e+00
0.000000000000000000e+00
-2.171490000000000087e-01
-3.495279999999999915e-02
-1.133979999999999988e+00
-5.080850000000000088e-01
0.000000000000000000e+00
-3.275200000000000333e-02
0.000000000000000000e+00
0.000000000000000000e+00
0.000000000000000000e+00
-8.996750000000000025e-01
-9.228050000000000141e-02
-5.435720000000000551e-01
0.000000000000000000e+00
-8.367170000000000440e-01
0.000000000000000000e+00
-8.697470000000000478e-01
0.000000000000000000e+00
0.000000000000000000e+00
-1.756170000000000009e+00
-3.861680000000000113e-01
-3.408680000000000043e-01
0.000000000000000000e+00
-1.537900000000000045e+00
0.000000000000000000e+00
0.000000000000000000e+00
0.000000000000000000e+00
0.000000000000000000e+00
0.000000000000000000e+00
0.000000000000000000e+00
0.000000000000000000e+00
0.000000000000000000e+00
1.128490000000000005e-03
0.000000000000000000e+00
0.000000000000000000e+00
0.000000000000000000e+00
-9.468720000000000470e-01
0.000000000000000000e+00
0.000000000000000000e+00
-3.778230000000000199e-01
0.000000000000000000e+00
0.000000000000000000e+00
0.000000000000000000e+00
-1.137729999999999908e+00
0.000000000000000000e+00
-4.598380000000000245e-01
0.000000000000000000e+00
0.000000000000000000e+00
-9.601929999999999840e-03
-9.338359999999999717e-02
0.000000000000000000e+00
-4.330080000000000040e-01
0.000000000000000000e+00
0.000000000000000000e+00
0.000000000000000000e+00
0.000000000000000000e+00
0.000000000000000000e+00
0.000000000000000000e+00
0.000000000000000000e+00
0.000000000000000000e+00
0.000000000000000000e+00
1.989430000000000018e-02
0.000000000000000000e+00
0.000000000000000000e+00
0.000000000000000000e+00
0.000000000000000000e+00
0.000000000000000000e+00
-2.507130000000000192e-01
0.000000000000000000e+00
-4.407529999999999781e-03
-5.310960000000000125e-01
-2.797580000000000067e-01
-1.535420000000000118e-01
1.956610000000000016e-01
-2.049539999999999973e-01
-6.309609999999999941e-01
0.000000000000000000e+00
0.000000000000000000e+00
0.000000000000000000e+00
-1.564850000000000074e+00
0.000000000000000000e+00
-3.359960000000000169e-01
-3.618080000000000185e-01
-9.831980000000000580e-03
1.179380000000000012e-01
-1.558110000000000051e-01
0.000000000000000000e+00
0.000000000000000000e+00
0.000000000000000000e+00
0.000000000000000000e+00
0.000000000000000000e+00
0.000000000000000000e+00
0.000000000000000000e+00
-8.007030000000000536e-01
-4.294490000000000252e-01
0.000000000000000000e+00
0.000000000000000000e+00
0.000000000000000000e+00
0.000000000000000000e+00
0.000000000000000000e+00
0.000000000000000000e+00
0.000000000000000000e+00
0.000000000000000000e+00
-5.009310000000000151e-01
0.000000000000000000e+00
6.547579999999999512e-01
-1.355609999999999871e-01
0.000000000000000000e+00
0.000000000000000000e+00
-4.600540000000000185e-01
0.000000000000000000e+00
-3.073480000000000101e-01
-8.968230000000000368e-01
0.000000000000000000e+00
-7.071349999999999580e-01
-1.542870000000000075e-01
0.000000000000000000e+00
-1.910620000000000096e-01
-1.183960000000000012e-01
-1.154799999999999993e-01
0.000000000000000000e+00
0.000000000000000000e+00
0.000000000000000000e+00
0.000000000000000000e+00
-3.933550000000000102e-01
-1.234959999999999947e-01
-5.383310000000000040e-01
-6.935459999999999958e-01
0.000000000000000000e+00
0.000000000000000000e+00
0.000000000000000000e+00
-1.806340000000000057e+00
0.000000000000000000e+00
0.000000000000000000e+00
0.000000000000000000e+00
0.000000000000000000e+00
-2.464349999999999874e-01
0.000000000000000000e+00
0.000000000000000000e+00
0.000000000000000000e+00
0.000000000000000000e+00
-2.588880000000000070e-01
0.000000000000000000e+00
-2.466369999999999951e-01
0.000000000000000000e+00
0.000000000000000000e+00
-1.215070000000000094e+00
0.000000000000000000e+00
0.000000000000000000e+00
0.000000000000000000e+00
0.000000000000000000e+00
-7.816399999999999737e-02
-8.214559999999999917e-02
0.000000000000000000e+00
0.000000000000000000e+00
0.000000000000000000e+00
0.000000000000000000e+00
0.000000000000000000e+00
0.000000000000000000e+00
0.000000000000000000e+00
0.000000000000000000e+00
0.000000000000000000e+00
0.000000000000000000e+00
0.000000000000000000e+00
0.000000000000000000e+00
0.000000000000000000e+00
0.000000000000000000e+00
0.000000000000000000e+00
0.000000000000000000e+00
0.000000000000000000e+00
0.000000000000000000e+00
0.000000000000000000e+00
0.000000000000000000e+00
0.000000000000000000e+00
0.000000000000000000e+00
0.000000000000000000e+00
0.000000000000000000e+00
0.000000000000000000e+00
0.000000000000000000e+00
0.000000000000000000e+00
0.000000000000000000e+00
0.000000000000000000e+00
0.000000000000000000e+00
0.000000000000000000e+00
0.000000000000000000e+00
0.000000000000000000e+00
-2.029240000000000155e+00
0.000000000000000000e+00
-2.036020000000000052e-01
0.000000000000000000e+00
0.000000000000000000e+00
0.000000000000000000e+00
0.000000000000000000e+00
0.000000000000000000e+00
0.000000000000000000e+00
0.000000000000000000e+00
0.000000000000000000e+00
0.000000000000000000e+00
0.000000000000000000e+00
0.000000000000000000e+00
0.000000000000000000e+00
0.000000000000000000e+00
0.000000000000000000e+00
1.643600000000000061e-01
0.000000000000000000e+00
-1.048680000000000057e+00
0.000000000000000000e+00
0.000000000000000000e+00
0.000000000000000000e+00
0.000000000000000000e+00
0.000000000000000000e+00
0.000000000000000000e+00
0.000000000000000000e+00
0.000000000000000000e+00
0.000000000000000000e+00
0.000000000000000000e+00
0.000000000000000000e+00
0.000000000000000000e+00
0.000000000000000000e+00
-1.117070000000000007e-01
0.000000000000000000e+00
0.000000000000000000e+00
-9.644819999999999505e-01
3.479599999999999915e-01
-5.652230000000000310e-01
0.000000000000000000e+00
-4.817560000000000175e-01
0.000000000000000000e+00
0.000000000000000000e+00
0.000000000000000000e+00
0.000000000000000000e+00
4.223250000000000060e-01
0.000000000000000000e+00
0.000000000000000000e+00
8.544599999999999418e-03
0.000000000000000000e+00
0.000000000000000000e+00
0.000000000000000000e+00
0.000000000000000000e+00
0.000000000000000000e+00
0.000000000000000000e+00
0.000000000000000000e+00
0.000000000000000000e+00
0.000000000000000000e+00
0.000000000000000000e+00
0.000000000000000000e+00
0.000000000000000000e+00
0.000000000000000000e+00
0.000000000000000000e+00
0.000000000000000000e+00
0.000000000000000000e+00
0.000000000000000000e+00
0.000000000000000000e+00
0.000000000000000000e+00
0.000000000000000000e+00
0.000000000000000000e+00
0.000000000000000000e+00
5.928870000000000529e-01
0.000000000000000000e+00
3.873630000000000129e-02
0.000000000000000000e+00
0.000000000000000000e+00
0.000000000000000000e+00
0.000000000000000000e+00
5.801309999999999523e-01
0.000000000000000000e+00
0.000000000000000000e+00
0.000000000000000000e+00
0.000000000000000000e+00
-1.629140000000000033e-01
-7.782189999999999941e-01
0.000000000000000000e+00
1.192769999999999941e-01
0.000000000000000000e+00
-1.166609999999999925e+00
0.000000000000000000e+00
0.000000000000000000e+00
0.000000000000000000e+00
-8.678599999999999648e-01
0.000000000000000000e+00
0.000000000000000000e+00
0.000000000000000000e+00
0.000000000000000000e+00
0.000000000000000000e+00
0.000000000000000000e+00
0.000000000000000000e+00
0.000000000000000000e+00
0.000000000000000000e+00
0.000000000000000000e+00
0.000000000000000000e+00
0.000000000000000000e+00
0.000000000000000000e+00
0.000000000000000000e+00
0.000000000000000000e+00
0.000000000000000000e+00
0.000000000000000000e+00
0.000000000000000000e+00
0.000000000000000000e+00
0.000000000000000000e+00
0.000000000000000000e+00
0.000000000000000000e+00
0.000000000000000000e+00
0.000000000000000000e+00
0.000000000000000000e+00
0.000000000000000000e+00
0.000000000000000000e+00
-5.230610000000000120e-02
-2.781270000000000131e-01
0.000000000000000000e+00
0.000000000000000000e+00
0.000000000000000000e+00
-1.660470000000000002e-01
0.000000000000000000e+00
0.000000000000000000e+00
-2.580000000000000071e-01
0.000000000000000000e+00
0.000000000000000000e+00
0.000000000000000000e+00
0.000000000000000000e+00
0.000000000000000000e+00
-7.195110000000000394e-02
0.000000000000000000e+00
0.000000000000000000e+00
0.000000000000000000e+00
-7.789379999999999915e-02
1.299129999999999896e+00
0.000000000000000000e+00
0.000000000000000000e+00
0.000000000000000000e+00
-1.068800000000000028e-01
0.000000000000000000e+00
0.000000000000000000e+00
0.000000000000000000e+00
0.000000000000000000e+00
0.000000000000000000e+00
0.000000000000000000e+00
0.000000000000000000e+00
5.092300000000000298e-02
0.000000000000000000e+00
-6.472090000000000343e-01
0.000000000000000000e+00
0.000000000000000000e+00
4.275740000000000096e-03
0.000000000000000000e+00
0.000000000000000000e+00
-1.735700000000000021e-01
2.351070000000000104e-01
0.000000000000000000e+00
0.000000000000000000e+00
0.000000000000000000e+00
-8.048729999999999773e-02
0.000000000000000000e+00
0.000000000000000000e+00
0.000000000000000000e+00
0.000000000000000000e+00
-2.574690000000000034e-01
0.000000000000000000e+00
0.000000000000000000e+00
0.000000000000000000e+00
0.000000000000000000e+00
0.000000000000000000e+00
0.000000000000000000e+00
0.000000000000000000e+00
0.000000000000000000e+00
0.000000000000000000e+00
-8.741799999999999571e-01
0.000000000000000000e+00
0.000000000000000000e+00
0.000000000000000000e+00
0.000000000000000000e+00
0.000000000000000000e+00
-1.205910000000000037e-01
0.000000000000000000e+00
0.000000000000000000e+00
6.644930000000000281e-03
1.217270000000000019e-01
0.000000000000000000e+00
2.939640000000000031e-01
0.000000000000000000e+00
0.000000000000000000e+00
0.000000000000000000e+00
0.000000000000000000e+00
-4.178169999999999801e-02
2.380710000000000048e-01
0.000000000000000000e+00
0.000000000000000000e+00
0.000000000000000000e+00
0.000000000000000000e+00
0.000000000000000000e+00
1.686690000000000134e-01
0.000000000000000000e+00
0.000000000000000000e+00
0.000000000000000000e+00
0.000000000000000000e+00
0.000000000000000000e+00
0.000000000000000000e+00
0.000000000000000000e+00
0.000000000000000000e+00
0.000000000000000000e+00
0.000000000000000000e+00
7.744940000000000158e-01
0.000000000000000000e+00
0.000000000000000000e+00
0.000000000000000000e+00
0.000000000000000000e+00
-3.449479999999999769e-01
0.000000000000000000e+00
-1.182829999999999993e-01
0.000000000000000000e+00
0.000000000000000000e+00
0.000000000000000000e+00
0.000000000000000000e+00
0.000000000000000000e+00
0.000000000000000000e+00
0.000000000000000000e+00
1.813200000000000089e-01
-6.938759999999999373e-02
0.000000000000000000e+00
0.000000000000000000e+00
0.000000000000000000e+00
0.000000000000000000e+00
0.000000000000000000e+00
1.195880000000000054e+00
0.000000000000000000e+00
0.000000000000000000e+00
-6.659980000000000240e-03
0.000000000000000000e+00
0.000000000000000000e+00
-4.895459999999999812e-01
0.000000000000000000e+00
0.000000000000000000e+00
0.000000000000000000e+00
0.000000000000000000e+00
3.623370000000000202e-01
0.000000000000000000e+00
0.000000000000000000e+00
0.000000000000000000e+00
0.000000000000000000e+00
1.051480000000000053e-01
0.000000000000000000e+00
4.520930000000000226e-01
0.000000000000000000e+00
0.000000000000000000e+00
0.000000000000000000e+00
0.000000000000000000e+00
0.000000000000000000e+00
-1.903890000000000027e-01
0.000000000000000000e+00
0.000000000000000000e+00
0.000000000000000000e+00
0.000000000000000000e+00
0.000000000000000000e+00
0.000000000000000000e+00
0.000000000000000000e+00
-7.605760000000000298e-01
0.000000000000000000e+00
0.000000000000000000e+00
0.000000000000000000e+00
0.000000000000000000e+00
0.000000000000000000e+00
0.000000000000000000e+00
2.761959999999999971e-01
0.000000000000000000e+00
3.774919999999999665e-02
0.000000000000000000e+00
0.000000000000000000e+00
0.000000000000000000e+00
0.000000000000000000e+00
0.000000000000000000e+00
0.000000000000000000e+00
0.000000000000000000e+00
0.000000000000000000e+00
0.000000000000000000e+00
0.000000000000000000e+00
0.000000000000000000e+00
4.798769999999999980e-01
0.000000000000000000e+00
0.000000000000000000e+00
0.000000000000000000e+00
0.000000000000000000e+00
0.000000000000000000e+00
0.000000000000000000e+00
0.000000000000000000e+00
0.000000000000000000e+00
0.000000000000000000e+00
-1.844330000000000136e-01
0.000000000000000000e+00
0.000000000000000000e+00
0.000000000000000000e+00
-3.552750000000000075e-01
1.762279999999999958e-01
0.000000000000000000e+00
0.000000000000000000e+00
0.000000000000000000e+00
4.364720000000000266e-01
0.000000000000000000e+00
0.000000000000000000e+00
0.000000000000000000e+00
0.000000000000000000e+00
0.000000000000000000e+00
0.000000000000000000e+00
0.000000000000000000e+00
0.000000000000000000e+00
0.000000000000000000e+00
0.000000000000000000e+00
0.000000000000000000e+00
0.000000000000000000e+00
-2.770810000000000217e-01
0.000000000000000000e+00
0.000000000000000000e+00
-3.945420000000000038e-01
0.000000000000000000e+00
0.000000000000000000e+00
0.000000000000000000e+00
5.091200000000000170e-01
0.000000000000000000e+00
0.000000000000000000e+00
1.147939999999999933e-01
0.000000000000000000e+00
-1.925659999999999872e-01
-6.761979999999999380e-02
9.142019999999999313e-02
2.076620000000000132e-01
0.000000000000000000e+00
0.000000000000000000e+00
0.000000000000000000e+00
0.000000000000000000e+00
0.000000000000000000e+00
0.000000000000000000e+00
0.000000000000000000e+00
0.000000000000000000e+00
0.000000000000000000e+00
0.000000000000000000e+00
-3.709649999999999892e-01
0.000000000000000000e+00
0.000000000000000000e+00
0.000000000000000000e+00
0.000000000000000000e+00
0.000000000000000000e+00
0.000000000000000000e+00
0.000000000000000000e+00
0.000000000000000000e+00
0.000000000000000000e+00
0.000000000000000000e+00
-7.840730000000000199e-01
0.000000000000000000e+00
0.000000000000000000e+00
0.000000000000000000e+00
0.000000000000000000e+00
0.000000000000000000e+00
0.000000000000000000e+00
0.000000000000000000e+00
0.000000000000000000e+00
0.000000000000000000e+00
0.000000000000000000e+00
0.000000000000000000e+00
0.000000000000000000e+00
0.000000000000000000e+00
0.000000000000000000e+00
0.000000000000000000e+00
0.000000000000000000e+00
0.000000000000000000e+00
0.000000000000000000e+00
1.685990000000000058e-02
0.000000000000000000e+00
0.000000000000000000e+00
0.000000000000000000e+00
0.000000000000000000e+00
0.000000000000000000e+00
0.000000000000000000e+00
0.000000000000000000e+00
0.000000000000000000e+00
0.000000000000000000e+00
0.000000000000000000e+00
-1.058990000000000098e+00
0.000000000000000000e+00
0.000000000000000000e+00
0.000000000000000000e+00
-8.581049999999999789e-02
7.259830000000000449e-02
0.000000000000000000e+00
0.000000000000000000e+00
-3.578879999999999839e-01
0.000000000000000000e+00
0.000000000000000000e+00
0.000000000000000000e+00
-4.589050000000000074e-01
0.000000000000000000e+00
0.000000000000000000e+00
0.000000000000000000e+00
0.000000000000000000e+00
0.000000000000000000e+00
0.000000000000000000e+00
0.000000000000000000e+00
0.000000000000000000e+00
0.000000000000000000e+00
0.000000000000000000e+00
0.000000000000000000e+00
0.000000000000000000e+00
-2.084940000000000127e-01
0.000000000000000000e+00
0.000000000000000000e+00
0.000000000000000000e+00
0.000000000000000000e+00
0.000000000000000000e+00
0.000000000000000000e+00
0.000000000000000000e+00
0.000000000000000000e+00
0.000000000000000000e+00
0.000000000000000000e+00
0.000000000000000000e+00
0.000000000000000000e+00
0.000000000000000000e+00
-7.522399999999999920e-02
-6.774890000000000079e-01
0.000000000000000000e+00
0.000000000000000000e+00
0.000000000000000000e+00
-5.065030000000000365e-01
-3.267169999999999797e-01
0.000000000000000000e+00
0.000000000000000000e+00
0.000000000000000000e+00
0.000000000000000000e+00
0.000000000000000000e+00
0.000000000000000000e+00
2.407950000000000090e-01
0.000000000000000000e+00
0.000000000000000000e+00
0.000000000000000000e+00
0.000000000000000000e+00
5.030170000000000474e-01
0.000000000000000000e+00
0.000000000000000000e+00
0.000000000000000000e+00
0.000000000000000000e+00
0.000000000000000000e+00
0.000000000000000000e+00
2.682720000000000105e-01
0.000000000000000000e+00
0.000000000000000000e+00
-6.372250000000000414e-01
-6.448679999999999968e-01
0.000000000000000000e+00
0.000000000000000000e+00
0.000000000000000000e+00
0.000000000000000000e+00
-1.013190000000000035e+00
0.000000000000000000e+00
0.000000000000000000e+00
0.000000000000000000e+00
-3.970029999999999948e-01
0.000000000000000000e+00
0.000000000000000000e+00
0.000000000000000000e+00
-1.850370000000000070e-01
-9.025070000000000314e-02
0.000000000000000000e+00
0.000000000000000000e+00
0.000000000000000000e+00
0.000000000000000000e+00
0.000000000000000000e+00
0.000000000000000000e+00
0.000000000000000000e+00
0.000000000000000000e+00
0.000000000000000000e+00
3.062360000000000082e-01
0.000000000000000000e+00
-3.790020000000000056e-01
0.000000000000000000e+00
0.000000000000000000e+00
-2.334730000000000139e-01
0.000000000000000000e+00
5.258699999999999486e-01
-8.215519999999999490e-01
0.000000000000000000e+00
4.568839999999999707e-02
0.000000000000000000e+00
2.317120000000000013e-01
0.000000000000000000e+00
0.000000000000000000e+00
0.000000000000000000e+00
1.230600000000000027e-01
8.161880000000000523e-02
0.000000000000000000e+00
-1.479770000000000030e+00
0.000000000000000000e+00
7.141269999999999563e-02
0.000000000000000000e+00
0.000000000000000000e+00
0.000000000000000000e+00
0.000000000000000000e+00
0.000000000000000000e+00
0.000000000000000000e+00
0.000000000000000000e+00
0.000000000000000000e+00
0.000000000000000000e+00
0.000000000000000000e+00
0.000000000000000000e+00
0.000000000000000000e+00
0.000000000000000000e+00
0.000000000000000000e+00
0.000000000000000000e+00
0.000000000000000000e+00
-2.951710000000000098e-02
1.764930000000000110e-01
0.000000000000000000e+00
0.000000000000000000e+00
0.000000000000000000e+00
0.000000000000000000e+00
0.000000000000000000e+00
0.000000000000000000e+00
0.000000000000000000e+00
0.000000000000000000e+00
0.000000000000000000e+00
0.000000000000000000e+00
0.000000000000000000e+00
0.000000000000000000e+00
0.000000000000000000e+00
1.704199999999999882e-01
-2.594830000000000192e-01
0.000000000000000000e+00
0.000000000000000000e+00
0.000000000000000000e+00
0.000000000000000000e+00
0.000000000000000000e+00
0.000000000000000000e+00
0.000000000000000000e+00
-3.932729999999999837e-01
0.000000000000000000e+00
0.000000000000000000e+00
0.000000000000000000e+00
0.000000000000000000e+00
-6.048350000000000254e-02
0.000000000000000000e+00
0.000000000000000000e+00
-1.724519999999999942e-01
-9.754690000000000305e-01
0.000000000000000000e+00
0.000000000000000000e+00
0.000000000000000000e+00
0.000000000000000000e+00
0.000000000000000000e+00
0.000000000000000000e+00
0.000000000000000000e+00
0.000000000000000000e+00
0.000000000000000000e+00
0.000000000000000000e+00
0.000000000000000000e+00
0.000000000000000000e+00
0.000000000000000000e+00
0.000000000000000000e+00
0.000000000000000000e+00
0.000000000000000000e+00
0.000000000000000000e+00
0.000000000000000000e+00
0.000000000000000000e+00
0.000000000000000000e+00
0.000000000000000000e+00
-6.361130000000000395e-01
0.000000000000000000e+00
-2.627619999999999956e-01
-1.763430000000000053e+00
0.000000000000000000e+00
-3.386580000000000146e-01
0.000000000000000000e+00
0.000000000000000000e+00
0.000000000000000000e+00
0.000000000000000000e+00
0.000000000000000000e+00
0.000000000000000000e+00
0.000000000000000000e+00
0.000000000000000000e+00
0.000000000000000000e+00
0.000000000000000000e+00
0.000000000000000000e+00
0.000000000000000000e+00
0.000000000000000000e+00
0.000000000000000000e+00
0.000000000000000000e+00
0.000000000000000000e+00
0.000000000000000000e+00
0.000000000000000000e+00
-2.156029999999999891e-01
0.000000000000000000e+00
0.000000000000000000e+00
0.000000000000000000e+00
0.000000000000000000e+00
-1.099709999999999993e-01
0.000000000000000000e+00
0.000000000000000000e+00
0.000000000000000000e+00
0.000000000000000000e+00
0.000000000000000000e+00
0.000000000000000000e+00
0.000000000000000000e+00
0.000000000000000000e+00
0.000000000000000000e+00
0.000000000000000000e+00
0.000000000000000000e+00
0.000000000000000000e+00
-2.740870000000000140e+00
5.485529999999999573e-01
0.000000000000000000e+00
0.000000000000000000e+00
0.000000000000000000e+00
0.000000000000000000e+00
0.000000000000000000e+00
0.000000000000000000e+00
0.000000000000000000e+00
-9.816060000000000063e-02
4.177239999999999842e-01
0.000000000000000000e+00
-5.922469999999999679e-01
0.000000000000000000e+00
0.000000000000000000e+00
0.000000000000000000e+00
0.000000000000000000e+00
0.000000000000000000e+00
0.000000000000000000e+00
1.236970000000000014e-01
-4.461999999999999855e-01
0.000000000000000000e+00
-1.180819999999999981e+00
2.491790000000000116e-01
0.000000000000000000e+00
0.000000000000000000e+00
0.000000000000000000e+00
0.000000000000000000e+00
0.000000000000000000e+00
0.000000000000000000e+00
0.000000000000000000e+00
0.000000000000000000e+00
0.000000000000000000e+00
0.000000000000000000e+00
0.000000000000000000e+00
0.000000000000000000e+00
1.395500000000000074e-01
0.000000000000000000e+00
0.000000000000000000e+00
0.000000000000000000e+00
0.000000000000000000e+00
1.186749999999999958e-02
9.003860000000000197e-01
0.000000000000000000e+00
0.000000000000000000e+00
1.785150000000000070e-01
0.000000000000000000e+00
0.000000000000000000e+00
0.000000000000000000e+00
0.000000000000000000e+00
0.000000000000000000e+00
0.000000000000000000e+00
0.000000000000000000e+00
0.000000000000000000e+00
-9.512980000000000741e-03
0.000000000000000000e+00
0.000000000000000000e+00
0.000000000000000000e+00
0.000000000000000000e+00
0.000000000000000000e+00
0.000000000000000000e+00
0.000000000000000000e+00
0.000000000000000000e+00
0.000000000000000000e+00
0.000000000000000000e+00
0.000000000000000000e+00
0.000000000000000000e+00
0.000000000000000000e+00
0.000000000000000000e+00
-1.328140000000000098e+00
0.000000000000000000e+00
0.000000000000000000e+00
-2.471100000000000033e-02
0.000000000000000000e+00
0.000000000000000000e+00
0.000000000000000000e+00
