-1.585640000000000105e-01
8.030270000000000463e-01
1.799959999999999893e-01
0.000000000000000000e+00
1.235859999999999959e+00
2.269490000000000118e-01
0.000000000000000000e+00
3.439240000000000075e-01
0.000000000000000000e+00
4.451350000000000029e-01
6.750000000000000444e-01
0.000000000000000000e+00
2.955869999999999886e-01
9.386949999999999461e-02
0.000000000000000000e+00
0.000000000000000000e+00
0.000000000000000000e+00
4.046089999999999964e-01
-1.256210000000000104e-01
2.551809999999999842e-02
0.000000000000000000e+00
9.250640000000000251e-02
0.000000000000000000e+00
2.670279999999999876e-01
0.000000000000000000e+00
3.132650000000000157e-01
0.000000000000000000e+00
0.000000000000000000e+00
2.955869999999999886e-01
0.000000000000000000e+00
4.793649999999999994e-02
1.736990000000000034e+00
7.981679999999999886e-01
0.000000000000000000e+00
3.686269999999999825e-01
0.000000000000000000e+00
0.000000000000000000e+00
-1.382120000000000015e-01
0.000000000000000000e+00
0.000000000000000000e+00
2.216920000000000002e-01
2.493849999999999956e-01
3.410759999999999903e-01
2.195330000000000059e-01
1.137750000000000046e-02
2.469399999999999928e-01
7.507460000000000522e-02
0.000000000000000000e+00
8.606169999999999792e-03
6.463630000000000209e-01
0.000000000000000000e+00
3.906609999999999944e-02
5.780250000000000110e-01
4.884009999999999740e-01
0.000000000000000000e+00
1.409720000000000070e-02
0.000000000000000000e+00
6.268769999999999898e-02
0.000000000000000000e+00
0.000000000000000000e+00
3.063969999999999749e-01
0.000000000000000000e+00
0.000000000000000000e+00
0.000000000000000000e+00
0.000000000000000000e+00
0.000000000000000000e+00
0.000000000000000000e+00
3.886219999999999952e-02
4.720340000000000091e-01
0.000000000000000000e+00
0.000000000000000000e+00
9.810049999999999326e-02
2.665109999999999979e-01
0.000000000000000000e+00
1.066599999999999993e+00
3.755350000000000077e-01
0.000000000000000000e+00
0.000000000000000000e+00
0.000000000000000000e+00
0.000000000000000000e+00
0.000000000000000000e+00
0.000000000000000000e+00
0.000000000000000000e+00
2.048580000000000123e-01
0.000000000000000000e+00
8.725260000000000238e-01
1.929389999999999925e-02
4.110210000000000252e-01
0.000000000000000000e+00
0.000000000000000000e+00
0.000000000000000000e+00
0.000000000000000000e+00
0.000000000000000000e+00
2.928640000000000063e-02
-1.737960000000000060e-01
4.569320000000000048e-01
0.000000000000000000e+00
0.000000000000000000e+00
2.678170000000000273e-01
0.000000000000000000e+00
0.000000000000000000e+00
2.166549999999999865e-01
9.825150000000000272e-01
0.000000000000000000e+00
2.530599999999999863e-02
4.299660000000000148e-01
1.149380000000000068e+00
-2.460009999999999974e-01
-7.771890000000000048e-03
6.557539999999999480e-01
0.000000000000000000e+00
8.937899999999999734e-01
-2.012299999999999853e-02
0.000000000000000000e+00
1.483679999999999999e-01
0.000000000000000000e+00
0.000000000000000000e+00
0.000000000000000000e+00
2.870709999999999842e-03
-6.776730000000000254e-02
0.000000000000000000e+00
0.000000000000000000e+00
0.000000000000000000e+00
0.000000000000000000e+00
0.000000000000000000e+00
1.499570000000000070e-01
0.000000000000000000e+00
0.000000000000000000e+00
0.000000000000000000e+00
0.000000000000000000e+00
1.033420000000000033e-01
0.000000000000000000e+00
3.022529999999999939e-01
3.499990000000000046e-01
0.000000000000000000e+00
0.000000000000000000e+00
0.000000000000000000e+00
0.000000000000000000e+00
0.000000000000000000e+00
0.000000000000000000e+00
3.477649999999999908e-01
4.612069999999999781e-01
1.458679999999999977e-01
0.000000000000000000e+00
0.000000000000000000e+00
0.000000000000000000e+00
2.758459999999999801e-01
0.000000000000000000e+00
9.007890000000000341e-02
7.238099999999999534e-01
0.000000000000000000e+00
0.000000000000000000e+00
2.210240000000000204e+00
0.000000000000000000e+00
2.158040000000000180e+00
0.000000000000000000e+00
0.000000000000000000e+00
0.000000000000000000e+00
0.000000000000000000e+00
0.000000000000000000e+00
0.000000000000000000e+00
5.524029999999999913e-02
0.000000000000000000e+00
0.000000000000000000e+00
-2.051439999999999930e-01
0.000000000000000000e+00
2.114260000000000028e-01
0.000000000000000000e+00
2.413490000000000080e-01
0.000000000000000000e+00
0.000000000000000000e+00
4.035429999999999851e-01
0.000000000000000000e+00
-1.891750000000000029e-02
6.004859999999999642e-01
0.000000000000000000e+00
0.000000000000000000e+00
0.000000000000000000e+00
0.000000000000000000e+00
0.000000000000000000e+00
0.000000000000000000e+00
7.864290000000000447e-01
0.000000000000000000e+00
0.000000000000000000e+00
0.000000000000000000e+00
6.564809999999999812e-01
3.068600000000000216e-01
1.275130000000000097e+00
0.000000000000000000e+00
0.000000000000000000e+00
3.379440000000000222e-01
0.000000000000000000e+00
-5.531300000000000106e-01
3.595590000000000175e-01
0.000000000000000000e+00
-1.139339999999999936e-01
6.351630000000000331e-01
8.479609999999999925e-02
-3.315159999999999774e-01
5.183060000000000445e-01
0.000000000000000000e+00
6.264859999999999873e-01
0.000000000000000000e+00
7.584929999999999728e-01
-5.545109999999999761e-01
5.624139999999999695e-01
6.455210000000000115e-01
0.000000000000000000e+00
6.323719999999999342e-02
3.759489999999999776e-01
0.000000000000000000e+00
0.000000000000000000e+00
0.000000000000000000e+00
0.000000000000000000e+00
0.000000000000000000e+00
2.326640000000000097e-01
0.000000000000000000e+00
7.339130000000000653e-02
3.544649999999999745e-01
0.000000000000000000e+00
0.000000000000000000e+00
2.932170000000000054e-01
2.427010000000000112e+00
3.209099999999999731e-01
0.000000000000000000e+00
-9.902329999999999466e-02
0.000000000000000000e+00
0.000000000000000000e+00
0.000000000000000000e+00
0.000000000000000000e+00
6.863790000000000169e-02
0.000000000000000000e+00
8.258540000000000325e-02
0.000000000000000000e+00
0.000000000000000000e+00
1.036980000000000020e-02
0.000000000000000000e+00
0.000000000000000000e+00
0.000000000000000000e+00
0.000000000000000000e+00
0.000000000000000000e+00
0.000000000000000000e+00
0.000000000000000000e+00
0.000000000000000000e+00
0.000000000000000000e+00
0.000000000000000000e+00
5.744540000000000202e-01
0.000000000000000000e+00
0.000000000000000000e+00
0.000000000000000000e+00
0.000000000000000000e+00
0.000000000000000000e+00
0.000000000000000000e+00
0.000000000000000000e+00
0.000000000000000000e+00
0.000000000000000000e+00
0.000000000000000000e+00
0.000000000000000000e+00
0.000000000000000000e+00
0.000000000000000000e+00
0.000000000000000000e+00
0.000000000000000000e+00
0.000000000000000000e+00
0.000000000000000000e+00
0.000000000000000000e+00
0.000000000000000000e+00
0.000000000000000000e+00
0.000000000000000000e+00
0.000000000000000000e+00
0.000000000000000000e+00
0.000000000000000000e+00
0.000000000000000000e+00
0.000000000000000000e+00
0.000000000000000000e+00
0.000000000000000000e+00
0.000000000000000000e+00
0.000000000000000000e+00
0.000000000000000000e+00
-1.330490000000000006e-01
-3.527069999999999927e-01
-2.330740000000000034e-01
-3.156800000000000161e-01
0.000000000000000000e+00
2.609630000000000005e-01
0.000000000000000000e+00
9.100589999999999513e-01
-5.546090000000000186e-01
0.000000000000000000e+00
0.000000000000000000e+00
0.000000000000000000e+00
0.000000000000000000e+00
0.000000000000000000e+00
0.000000000000000000e+00
0.000000000000000000e+00
0.000000000000000000e+00
0.000000000000000000e+00
0.000000000000000000e+00
0.000000000000000000e+00
0.000000000000000000e+00
0.000000000000000000e+00
0.000000000000000000e+00
0.000000000000000000e+00
0.000000000000000000e+00
4.735380000000000145e-01
-1.007230000000000070e+00
1.047449999999999992e+00
1.793790000000000107e-01
0.000000000000000000e+00
0.000000000000000000e+00
0.000000000000000000e+00
0.000000000000000000e+00
0.000000000000000000e+00
0.000000000000000000e+00
0.000000000000000000e+00
0.000000000000000000e+00
0.000000000000000000e+00
0.000000000000000000e+00
0.000000000000000000e+00
0.000000000000000000e+00
0.000000000000000000e+00
0.000000000000000000e+00
0.000000000000000000e+00
0.000000000000000000e+00
0.000000000000000000e+00
0.000000000000000000e+00
0.000000000000000000e+00
8.668890000000000207e-01
0.000000000000000000e+00
-4.760499999999999732e-01
0.000000000000000000e+00
0.000000000000000000e+00
0.000000000000000000e+00
0.000000000000000000e+00
0.000000000000000000e+00
0.000000000000000000e+00
-1.271539999999999893e-01
0.000000000000000000e+00
-1.376530000000000031e+00
0.000000000000000000e+00
-1.940759999999999985e-01
0.000000000000000000e+00
0.000000000000000000e+00
0.000000000000000000e+00
0.000000000000000000e+00
0.000000000000000000e+00
0.000000000000000000e+00
0.000000000000000000e+00
0.000000000000000000e+00
0.000000000000000000e+00
0.000000000000000000e+00
0.000000000000000000e+00
0.000000000000000000e+00
0.000000000000000000e+00
0.000000000000000000e+00
0.000000000000000000e+00
0.000000000000000000e+00
0.000000000000000000e+00
0.000000000000000000e+00
0.000000000000000000e+00
0.000000000000000000e+00
0.000000000000000000e+00
0.000000000000000000e+00
3.561969999999999859e-01
0.000000000000000000e+00
0.000000000000000000e+00
0.000000000000000000e+00
0.000000000000000000e+00
0.000000000000000000e+00
0.000000000000000000e+00
0.000000000000000000e+00
9.281880000000000686e-02
4.363779999999999881e-01
0.000000000000000000e+00
0.000000000000000000e+00
0.000000000000000000e+00
5.661399999999999766e-02
0.000000000000000000e+00
0.000000000000000000e+00
0.000000000000000000e+00
0.000000000000000000e+00
-7.847309999999999564e-01
-1.273810000000000109e+00
0.000000000000000000e+00
0.000000000000000000e+00
0.000000000000000000e+00
0.000000000000000000e+00
1.844289999999999985e+00
0.000000000000000000e+00
0.000000000000000000e+00
0.000000000000000000e+00
0.000000000000000000e+00
0.000000000000000000e+00
-1.164660000000000029e+00
0.000000000000000000e+00
0.000000000000000000e+00
0.000000000000000000e+00
0.000000000000000000e+00
0.000000000000000000e+00
0.000000000000000000e+00
0.000000000000000000e+00
0.000000000000000000e+00
0.000000000000000000e+00
0.000000000000000000e+00
0.000000000000000000e+00
1.573539999999999939e-01
-4.853310000000000124e-01
1.365270000000000095e-01
0.000000000000000000e+00
0.000000000000000000e+00
0.000000000000000000e+00
0.000000000000000000e+00
0.000000000000000000e+00
0.000000000000000000e+00
0.000000000000000000e+00
0.000000000000000000e+00
0.000000000000000000e+00
0.000000000000000000e+00
4.200130000000000252e-01
-5.914920000000000178e-01
3.077579999999999760e-01
2.955869999999999886e-01
-2.748510000000000120e-01
0.000000000000000000e+00
0.000000000000000000e+00
0.000000000000000000e+00
0.000000000000000000e+00
-9.833730000000000249e-02
0.000000000000000000e+00
0.000000000000000000e+00
0.000000000000000000e+00
0.000000000000000000e+00
0.000000000000000000e+00
0.000000000000000000e+00
0.000000000000000000e+00
0.000000000000000000e+00
0.000000000000000000e+00
1.786510000000000042e-01
-8.365359999999999463e-01
0.000000000000000000e+00
0.000000000000000000e+00
1.253749999999999865e-01
0.000000000000000000e+00
-7.082549999999999957e-02
-4.946459999999999746e-01
0.000000000000000000e+00
0.000000000000000000e+00
0.000000000000000000e+00
0.000000000000000000e+00
0.000000000000000000e+00
0.000000000000000000e+00
-1.663699999999999957e+00
4.326960000000000250e-01
1.106690000000000035e-01
0.000000000000000000e+00
0.000000000000000000e+00
0.000000000000000000e+00
0.000000000000000000e+00
0.000000000000000000e+00
-8.420079999999999787e-01
1.882999999999999952e-01
-5.463449999999999696e-01
0.000000000000000000e+00
0.000000000000000000e+00
0.000000000000000000e+00
0.000000000000000000e+00
0.000000000000000000e+00
0.000000000000000000e+00
0.000000000000000000e+00
0.000000000000000000e+00
0.000000000000000000e+00
0.000000000000000000e+00
0.000000000000000000e+00
0.000000000000000000e+00
0.000000000000000000e+00
0.000000000000000000e+00
0.000000000000000000e+00
0.000000000000000000e+00
0.000000000000000000e+00
0.000000000000000000e+00
0.000000000000000000e+00
0.000000000000000000e+00
0.000000000000000000e+00
0.000000000000000000e+00
0.000000000000000000e+00
0.000000000000000000e+00
-7.006999999999999895e-01
0.000000000000000000e+00
0.000000000000000000e+00
-2.211349999999999982e-01
0.000000000000000000e+00
0.000000000000000000e+00
0.000000000000000000e+00
0.000000000000000000e+00
0.000000000000000000e+00
0.000000000000000000e+00
4.499700000000000227e-02
0.000000000000000000e+00
5.208369999999999667e-02
0.000000000000000000e+00
0.000000000000000000e+00
0.000000000000000000e+00
0.000000000000000000e+00
-2.551490000000000147e-01
0.000000000000000000e+00
-1.056820000000000093e+00
0.000000000000000000e+00
0.000000000000000000e+00
0.000000000000000000e+00
0.000000000000000000e+00
0.000000000000000000e+00
-1.175669999999999993e+00
0.000000000000000000e+00
0.000000000000000000e+00
0.000000000000000000e+00
0.000000000000000000e+00
0.000000000000000000e+00
0.000000000000000000e+00
0.000000000000000000e+00
0.000000000000000000e+00
-2.607820000000000138e-01
0.000000000000000000e+00
0.000000000000000000e+00
0.000000000000000000e+00
0.000000000000000000e+00
0.000000000000000000e+00
-2.545680000000000165e-01
0.000000000000000000e+00
0.000000000000000000e+00
0.000000000000000000e+00
0.000000000000000000e+00
0.000000000000000000e+00
-1.651350000000000096e+00
-9.162160000000000304e-01
0.000000000000000000e+00
0.000000000000000000e+00
0.000000000000000000e+00
0.000000000000000000e+00
-1.182960000000000012e+00
0.000000000000000000e+00
0.000000000000000000e+00
0.000000000000000000e+00
0.000000000000000000e+00
0.000000000000000000e+00
0.000000000000000000e+00
0.000000000000000000e+00
0.000000000000000000e+00
0.000000000000000000e+00
-3.472189999999999999e-01
0.000000000000000000e+00
0.000000000000000000e+00
0.000000000000000000e+00
0.000000000000000000e+00
-2.745310000000000250e-01
3.918369999999999909e-01
-5.765019999999999589e-01
-5.118000000000000327e-01
0.000000000000000000e+00
0.000000000000000000e+00
0.000000000000000000e+00
-1.784860000000000058e-01
-6.772559999999999691e-01
-7.920650000000000190e-01
0.000000000000000000e+00
-6.169319999999999665e-02
-5.924509999999999499e-01
0.000000000000000000e+00
0.000000000000000000e+00
0.000000000000000000e+00
0.000000000000000000e+00
-2.621020000000000016e-01
0.000000000000000000e+00
0.000000000000000000e+00
0.000000000000000000e+00
-2.001240000000000130e+00
0.000000000000000000e+00
0.000000000000000000e+00
-1.659899999999999987e-01
0.000000000000000000e+00
-1.378689999999999916e-01
0.000000000000000000e+00
0.000000000000000000e+00
-2.936830000000000274e-01
0.000000000000000000e+00
0.000000000000000000e+00
0.000000000000000000e+00
0.000000000000000000e+00
-3.049239999999999728e-01
-4.993790000000000173e-01
0.000000000000000000e+00
0.000000000000000000e+00
0.000000000000000000e+00
-4.028949999999999892e-02
0.000000000000000000e+00
-8.986459999999999448e-01
-9.627710000000000434e-01
0.000000000000000000e+00
-2.345779999999999976e+00
0.000000000000000000e+00
0.000000000000000000e+00
-4.698930000000000051e-01
0.000000000000000000e+00
0.000000000000000000e+00
-1.159889999999999949e-01
-4.975450000000000150e-01
3.710729999999999862e-01
0.000000000000000000e+00
-2.550189999999999957e-01
0.000000000000000000e+00
0.000000000000000000e+00
-9.383599999999999719e-01
-8.182839999999999558e-02
0.000000000000000000e+00
0.000000000000000000e+00
-1.019010000000000055e-01
0.000000000000000000e+00
0.000000000000000000e+00
0.000000000000000000e+00
0.000000000000000000e+00
0.000000000000000000e+00
-5.760819999999999830e-02
-1.863240000000000007e+00
-1.053410000000000041e-01
-9.341739999999999489e-01
-2.440960000000000074e-01
-4.234310000000000018e-01
0.000000000000000000e+00
0.000000000000000000e+00
-7.472980000000000178e-01
0.000000000000000000e+00
-5.325410000000000421e-01
0.000000000000000000e+00
-3.464710000000000012e-02
0.000000000000000000e+00
6.594830000000000414e-01
0.000000000000000000e+00
0.000000000000000000e+00
0.000000000000000000e+00
-8.918000000000000371e-01
0.000000000000000000e+00
-9.586670000000000469e-01
0.000000000000000000e+00
-7.115129999999999511e-01
0.000000000000000000e+00
-1.469119999999999981e+00
-5.513969999999999982e-02
0.000000000000000000e+00
-6.370040000000000147e-01
3.429299999999999710e-02
0.000000000000000000e+00
0.000000000000000000e+00
0.000000000000000000e+00
0.000000000000000000e+00
0.000000000000000000e+00
0.000000000000000000e+00
0.000000000000000000e+00
0.000000000000000000e+00
0.000000000000000000e+00
2.337110000000000021e-01
0.000000000000000000e+00
0.000000000000000000e+00
0.000000000000000000e+00
0.000000000000000000e+00
-5.397530000000000383e-01
0.000000000000000000e+00
0.000000000000000000e+00
0.000000000000000000e+00
0.000000000000000000e+00
0.000000000000000000e+00
0.000000000000000000e+00
-5.682409999999999961e-01
-3.304250000000000242e-01
-2.542809999999999793e-01
0.000000000000000000e+00
0.000000000000000000e+00
-1.448470000000000035e-01
-5.012799999999999478e-01
0.000000000000000000e+00
-3.624600000000000044e-01
-1.678830000000000044e-01
1.707259999999999889e-01
0.000000000000000000e+00
0.000000000000000000e+00
0.000000000000000000e+00
0.000000000000000000e+00
-5.620150000000000423e-01
0.000000000000000000e+00
0.000000000000000000e+00
0.000000000000000000e+00
0.000000000000000000e+00
0.000000000000000000e+00
0.000000000000000000e+00
0.000000000000000000e+00
-5.024840000000000417e-01
-1.029279999999999973e+00
0.000000000000000000e+00
-2.452139999999999875e-01
0.000000000000000000e+00
0.000000000000000000e+00
0.000000000000000000e+00
0.000000000000000000e+00
0.000000000000000000e+00
0.000000000000000000e+00
0.000000000000000000e+00
-2.727410000000000112e-01
-4.081489999999999840e-01
-4.286119999999999930e-01
0.000000000000000000e+00
0.000000000000000000e+00
0.000000000000000000e+00
0.000000000000000000e+00
2.173259999999999914e-01
-1.744459999999999900e+00
0.000000000000000000e+00
0.000000000000000000e+00
-7.392539999999999667e-01
-4.803939999999999877e-01
0.000000000000000000e+00
0.000000000000000000e+00
0.000000000000000000e+00
0.000000000000000000e+00
0.000000000000000000e+00
0.000000000000000000e+00
0.000000000000000000e+00
0.000000000000000000e+00
0.000000000000000000e+00
0.000000000000000000e+00
0.000000000000000000e+00
0.000000000000000000e+00
0.000000000000000000e+00
0.000000000000000000e+00
0.000000000000000000e+00
0.000000000000000000e+00
0.000000000000000000e+00
-1.709369999999999987e-02
1.296670000000000045e-01
0.000000000000000000e+00
0.000000000000000000e+00
0.000000000000000000e+00
9.001510000000000067e-02
0.000000000000000000e+00
0.000000000000000000e+00
0.000000000000000000e+00
0.000000000000000000e+00
0.000000000000000000e+00
0.000000000000000000e+00
0.000000000000000000e+00
-6.580390000000000406e-01
0.000000000000000000e+00
0.000000000000000000e+00
0.000000000000000000e+00
0.000000000000000000e+00
0.000000000000000000e+00
0.000000000000000000e+00
0.000000000000000000e+00
0.000000000000000000e+00
0.000000000000000000e+00
0.000000000000000000e+00
0.000000000000000000e+00
0.000000000000000000e+00
-2.188660000000000050e+00
0.000000000000000000e+00
0.000000000000000000e+00
0.000000000000000000e+00
0.000000000000000000e+00
0.000000000000000000e+00
0.000000000000000000e+00
0.000000000000000000e+00
0.000000000000000000e+00
0.000000000000000000e+00
0.000000000000000000e+00
0.000000000000000000e+00
0.000000000000000000e+00
0.000000000000000000e+00
0.000000000000000000e+00
-6.076810000000000267e-01
0.000000000000000000e+00
0.000000000000000000e+00
0.000000000000000000e+00
0.000000000000000000e+00
0.000000000000000000e+00
0.000000000000000000e+00
0.000000000000000000e+00
0.000000000000000000e+00
0.000000000000000000e+00
0.000000000000000000e+00
0.000000000000000000e+00
-4.836650000000000116e-01
-4.785579999999999834e-01
0.000000000000000000e+00
0.000000000000000000e+00
0.000000000000000000e+00
0.000000000000000000e+00
0.000000000000000000e+00
0.000000000000000000e+00
-1.244259999999999949e-01
0.000000000000000000e+00
0.000000000000000000e+00
0.000000000000000000e+00
0.000000000000000000e+00
0.000000000000000000e+00
0.000000000000000000e+00
0.000000000000000000e+00
0.000000000000000000e+00
0.000000000000000000e+00
0.000000000000000000e+00
0.000000000000000000e+00
0.000000000000000000e+00
0.000000000000000000e+00
0.000000000000000000e+00
0.000000000000000000e+00
0.000000000000000000e+00
0.000000000000000000e+00
0.000000000000000000e+00
0.000000000000000000e+00
0.000000000000000000e+00
-1.290480000000000071e+00
0.000000000000000000e+00
0.000000000000000000e+00
-3.140129999999999866e-01
-4.612789999999999946e-01
0.000000000000000000e+00
0.000000000000000000e+00
1.247629999999999989e-01
0.000000000000000000e+00
0.000000000000000000e+00
0.000000000000000000e+00
1.389510000000000051e-02
0.000000000000000000e+00
0.000000000000000000e+00
0.000000000000000000e+00
0.000000000000000000e+00
-7.609639999999999738e-01
0.000000000000000000e+00
0.000000000000000000e+00
0.000000000000000000e+00
0.000000000000000000e+00
0.000000000000000000e+00
0.000000000000000000e+00
-5.977179999999999715e-01
-3.442680000000000184e-01
0.000000000000000000e+00
0.000000000000000000e+00
0.000000000000000000e+00
0.000000000000000000e+00
0.000000000000000000e+00
0.000000000000000000e+00
0.000000000000000000e+00
3.905299999999999883e-01
7.582370000000000498e-01
0.000000000000000000e+00
1.565030000000000032e-01
-2.301869999999999958e-02
0.000000000000000000e+00
0.000000000000000000e+00
0.000000000000000000e+00
-9.487919999999999687e-01
0.000000000000000000e+00
0.000000000000000000e+00
0.000000000000000000e+00
0.000000000000000000e+00
0.000000000000000000e+00
0.000000000000000000e+00
0.000000000000000000e+00
0.000000000000000000e+00
0.000000000000000000e+00
0.000000000000000000e+00
0.000000000000000000e+00
0.000000000000000000e+00
0.000000000000000000e+00
0.000000000000000000e+00
0.000000000000000000e+00
0.000000000000000000e+00
0.000000000000000000e+00
0.000000000000000000e+00
0.000000000000000000e+00
-3.116609999999999867e-02
0.000000000000000000e+00
5.792079999999999451e-01
0.000000000000000000e+00
0.000000000000000000e+00
0.000000000000000000e+00
0.000000000000000000e+00
0.000000000000000000e+00
0.000000000000000000e+00
0.000000000000000000e+00
-1.221260000000000012e+00
0.000000000000000000e+00
0.000000000000000000e+00
0.000000000000000000e+00
0.000000000000000000e+00
0.000000000000000000e+00
6.189449999999999674e-01
0.000000000000000000e+00
0.000000000000000000e+00
0.000000000000000000e+00
0.000000000000000000e+00
1.898229999999999917e-01
0.000000000000000000e+00
-2.396409999999999929e-01
0.000000000000000000e+00
1.776739999999999986e-01
0.000000000000000000e+00
0.000000000000000000e+00
6.768669999999999964e-01
0.000000000000000000e+00
0.000000000000000000e+00
0.000000000000000000e+00
0.000000000000000000e+00
0.000000000000000000e+00
0.000000000000000000e+00
0.000000000000000000e+00
-3.148360000000000047e-02
0.000000000000000000e+00
0.000000000000000000e+00
1.466319999999999950e-02
0.000000000000000000e+00
0.000000000000000000e+00
2.962910000000000266e-01
0.000000000000000000e+00
0.000000000000000000e+00
0.000000000000000000e+00
0.000000000000000000e+00
0.000000000000000000e+00
0.000000000000000000e+00
0.000000000000000000e+00
0.000000000000000000e+00
0.000000000000000000e+00
0.000000000000000000e+00
0.000000000000000000e+00
0.000000000000000000e+00
2.045480000000000076e-01
0.000000000000000000e+00
-1.080870000000000025e-01
0.000000000000000000e+00
0.000000000000000000e+00
0.000000000000000000e+00
0.000000000000000000e+00
0.000000000000000000e+00
0.000000000000000000e+00
0.000000000000000000e+00
0.000000000000000000e+00
0.000000000000000000e+00
0.000000000000000000e+00
0.000000000000000000e+00
0.000000000000000000e+00
0.000000000000000000e+00
0.000000000000000000e+00
0.000000000000000000e+00
0.000000000000000000e+00
0.000000000000000000e+00
0.000000000000000000e+00
0.000000000000000000e+00
0.000000000000000000e+00
0.000000000000000000e+00
0.000000000000000000e+00
0.000000000000000000e+00
0.000000000000000000e+00
0.000000000000000000e+00
0.000000000000000000e+00
2.735870000000000246e-01
0.000000000000000000e+00
6.291060000000000541e-01
0.000000000000000000e+00
-6.815109999999999779e-01
0.000000000000000000e+00
0.000000000000000000e+00
-1.490299999999999958e+00
0.000000000000000000e+00
0.000000000000000000e+00
0.000000000000000000e+00
0.000000000000000000e+00
1.674120000000000053e-01
0.000000000000000000e+00
2.277119999999999977e-01
-7.074930000000000385e-01
0.000000000000000000e+00
0.000000000000000000e+00
0.000000000000000000e+00
0.000000000000000000e+00
-5.241430000000000256e-01
-1.109509999999999996e+00
0.000000000000000000e+00
0.000000000000000000e+00
0.000000000000000000e+00
0.000000000000000000e+00
4.904499999999999971e-01
0.000000000000000000e+00
0.000000000000000000e+00
1.283060000000000034e-01
0.000000000000000000e+00
0.000000000000000000e+00
0.000000000000000000e+00
0.000000000000000000e+00
0.000000000000000000e+00
0.000000000000000000e+00
0.000000000000000000e+00
-1.095350000000000046e+00
9.831860000000000599e-02
-1.517469999999999930e-01
-9.622749999999999360e-02
0.000000000000000000e+00
0.000000000000000000e+00
0.000000000000000000e+00
0.000000000000000000e+00
0.000000000000000000e+00
0.000000000000000000e+00
0.000000000000000000e+00
-1.755710000000000048e-01
0.000000000000000000e+00
0.000000000000000000e+00
0.000000000000000000e+00
-8.067400000000000126e-01
0.000000000000000000e+00
0.000000000000000000e+00
0.000000000000000000e+00
0.000000000000000000e+00
0.000000000000000000e+00
0.000000000000000000e+00
0.000000000000000000e+00
0.000000000000000000e+00
1.182569999999999899e+00
0.000000000000000000e+00
0.000000000000000000e+00
2.107910000000000061e-01
0.000000000000000000e+00
0.000000000000000000e+00
0.000000000000000000e+00
0.000000000000000000e+00
0.000000000000000000e+00
7.728329999999999922e-02
0.000000000000000000e+00
0.000000000000000000e+00
0.000000000000000000e+00
0.000000000000000000e+00
-1.225090000000000012e+00
0.000000000000000000e+00
1.831609999999999960e+00
0.000000000000000000e+00
0.000000000000000000e+00
0.000000000000000000e+00
0.000000000000000000e+00
0.000000000000000000e+00
0.000000000000000000e+00
0.000000000000000000e+00
0.000000000000000000e+00
0.000000000000000000e+00
0.000000000000000000e+00
0.000000000000000000e+00
0.000000000000000000e+00
0.000000000000000000e+00
4.982480000000000242e-01
0.000000000000000000e+00
0.000000000000000000e+00
0.000000000000000000e+00
0.000000000000000000e+00
0.000000000000000000e+00
0.000000000000000000e+00
0.000000000000000000e+00
0.000000000000000000e+00
0.000000000000000000e+00
0.000000000000000000e+00
-3.309079999999999799e-01
0.000000000000000000e+00
0.000000000000000000e+00
0.000000000000000000e+00
0.000000000000000000e+00
0.000000000000000000e+00
0.000000000000000000e+00
0.000000000000000000e+00
2.675999999999999907e-02
0.000000000000000000e+00
0.000000000000000000e+00
0.000000000000000000e+00
0.000000000000000000e+00
0.000000000000000000e+00
0.000000000000000000e+00
0.000000000000000000e+00
0.000000000000000000e+00
0.000000000000000000e+00
0.000000000000000000e+00
0.000000000000000000e+00
0.000000000000000000e+00
0.000000000000000000e+00
0.000000000000000000e+00
0.000000000000000000e+00
0.000000000000000000e+00
0.000000000000000000e+00
0.000000000000000000e+00
1.211160000000000014e-01
0.000000000000000000e+00
0.000000000000000000e+00
0.000000000000000000e+00
0.000000000000000000e+00
0.000000000000000000e+00
3.436739999999999795e-01
2.931610000000000049e-01
0.000000000000000000e+00
0.000000000000000000e+00
0.000000000000000000e+00
0.000000000000000000e+00
0.000000000000000000e+00
0.000000000000000000e+00
0.000000000000000000e+00
0.000000000000000000e+00
0.000000000000000000e+00
0.000000000000000000e+00
0.000000000000000000e+00
0.000000000000000000e+00
0.000000000000000000e+00
0.000000000000000000e+00
0.000000000000000000e+00
0.000000000000000000e+00
0.000000000000000000e+00
0.000000000000000000e+00
0.000000000000000000e+00
-1.179750000000000076e+00
0.000000000000000000e+00
0.000000000000000000e+00
0.000000000000000000e+00
0.000000000000000000e+00
0.000000000000000000e+00
-1.088340000000000002e-01
0.000000000000000000e+00
0.000000000000000000e+00
0.000000000000000000e+00
0.000000000000000000e+00
0.000000000000000000e+00
-1.118319999999999981e+00
0.000000000000000000e+00
0.000000000000000000e+00
0.000000000000000000e+00
0.000000000000000000e+00
0.000000000000000000e+00
0.000000000000000000e+00
0.000000000000000000e+00
1.604839999999999878e-01
0.000000000000000000e+00
0.000000000000000000e+00
0.000000000000000000e+00
0.000000000000000000e+00
0.000000000000000000e+00
0.000000000000000000e+00
0.000000000000000000e+00
7.634689999999999532e-01
0.000000000000000000e+00
0.000000000000000000e+00
0.000000000000000000e+00
0.000000000000000000e+00
4.790719999999999978e-01
-2.804169999999999927e-02
0.000000000000000000e+00
0.000000000000000000e+00
0.000000000000000000e+00
0.000000000000000000e+00
-1.529719999999999969e+00
0.000000000000000000e+00
0.000000000000000000e+00
4.073209999999999886e-01
1.862910000000000121e-01
0.000000000000000000e+00
0.000000000000000000e+00
0.000000000000000000e+00
0.000000000000000000e+00
0.000000000000000000e+00
0.000000000000000000e+00
0.000000000000000000e+00
0.000000000000000000e+00
0.000000000000000000e+00
0.000000000000000000e+00
0.000000000000000000e+00
0.000000000000000000e+00
0.000000000000000000e+00
0.000000000000000000e+00
0.000000000000000000e+00
0.000000000000000000e+00
0.000000000000000000e+00
0.000000000000000000e+00
0.000000000000000000e+00
0.000000000000000000e+00
-4.028200000000000114e-01
0.000000000000000000e+00
0.000000000000000000e+00
0.000000000000000000e+00
0.000000000000000000e+00
-3.197329999999999894e-01
0.000000000000000000e+00
0.000000000000000000e+00
0.000000000000000000e+00
0.000000000000000000e+00
0.000000000000000000e+00
0.000000000000000000e+00
0.000000000000000000e+00
0.000000000000000000e+00
0.000000000000000000e+00
0.000000000000000000e+00
0.000000000000000000e+00
0.000000000000000000e+00
0.000000000000000000e+00
0.000000000000000000e+00
0.000000000000000000e+00
-2.877859999999999863e-01
0.000000000000000000e+00
0.000000000000000000e+00
0.000000000000000000e+00
0.000000000000000000e+00
0.000000000000000000e+00
0.000000000000000000e+00
0.000000000000000000e+00
0.000000000000000000e+00
0.000000000000000000e+00
