-7.214099999999999679e-02
1.230329999999999924e+00
5.266429999999999723e-01
0.000000000000000000e+00
1.181950000000000056e+00
2.748430000000000040e-01
0.000000000000000000e+00
4.363219999999999876e-01
0.000000000000000000e+00
0.000000000000000000e+00
3.730649999999999800e-01
-3.145839999999999748e-01
4.823669999999999902e-01
4.467089999999999950e-02
0.000000000000000000e+00
1.108260000000000023e+00
0.000000000000000000e+00
-2.251680000000000070e-01
1.109369999999999939e-01
0.000000000000000000e+00
0.000000000000000000e+00
6.935389999999999611e-02
2.178809999999999913e-01
1.427199999999999996e-02
0.000000000000000000e+00
9.329880000000000118e-02
5.434759999999999591e-01
0.000000000000000000e+00
4.389939999999999953e-01
2.272430000000000005e-01
3.779919999999999947e-01
8.382159999999999611e-01
8.739799999999999791e-01
0.000000000000000000e+00
5.052790000000000337e-01
0.000000000000000000e+00
0.000000000000000000e+00
7.406279999999999530e-01
0.000000000000000000e+00
0.000000000000000000e+00
0.000000000000000000e+00
0.000000000000000000e+00
2.407620000000000038e-01
2.411840000000000095e-01
5.179820000000000535e-01
1.538970000000000060e-01
0.000000000000000000e+00
1.510140000000000093e-01
1.621820000000000039e+00
2.649839999999999973e-01
3.203009999999999885e-02
0.000000000000000000e+00
0.000000000000000000e+00
0.000000000000000000e+00
1.635159999999999947e-01
-7.566549999999999665e-02
0.000000000000000000e+00
1.949279999999999902e-01
3.635959999999999748e-01
0.000000000000000000e+00
0.000000000000000000e+00
0.000000000000000000e+00
0.000000000000000000e+00
1.515350000000000030e-01
1.533629999999999993e-01
6.711319999999999508e-01
0.000000000000000000e+00
-1.241010000000000030e-01
0.000000000000000000e+00
0.000000000000000000e+00
0.000000000000000000e+00
2.381969999999999921e-01
0.000000000000000000e+00
0.000000000000000000e+00
2.353279999999999955e-02
0.000000000000000000e+00
0.000000000000000000e+00
0.000000000000000000e+00
0.000000000000000000e+00
0.000000000000000000e+00
9.807929999999999426e-02
0.000000000000000000e+00
7.594299999999999662e-02
3.034839999999999760e-01
0.000000000000000000e+00
0.000000000000000000e+00
0.000000000000000000e+00
3.232430000000000025e-01
0.000000000000000000e+00
0.000000000000000000e+00
0.000000000000000000e+00
0.000000000000000000e+00
0.000000000000000000e+00
0.000000000000000000e+00
7.956440000000000179e-01
1.488860000000000072e+00
0.000000000000000000e+00
0.000000000000000000e+00
6.608889999999999487e-01
0.000000000000000000e+00
0.000000000000000000e+00
3.462450000000000250e-01
5.545369999999999466e-01
0.000000000000000000e+00
0.000000000000000000e+00
6.070499999999999785e-01
0.000000000000000000e+00
0.000000000000000000e+00
0.000000000000000000e+00
0.000000000000000000e+00
0.000000000000000000e+00
6.148249999999999549e-01
0.000000000000000000e+00
0.000000000000000000e+00
0.000000000000000000e+00
0.000000000000000000e+00
1.044470000000000010e+00
0.000000000000000000e+00
0.000000000000000000e+00
0.000000000000000000e+00
5.756859999999999755e-02
0.000000000000000000e+00
0.000000000000000000e+00
0.000000000000000000e+00
0.000000000000000000e+00
0.000000000000000000e+00
-2.241700000000000081e-01
0.000000000000000000e+00
0.000000000000000000e+00
0.000000000000000000e+00
0.000000000000000000e+00
0.000000000000000000e+00
-3.957809999999999939e-01
0.000000000000000000e+00
1.124089999999999950e-01
0.000000000000000000e+00
0.000000000000000000e+00
0.000000000000000000e+00
-9.818210000000000548e-01
0.000000000000000000e+00
0.000000000000000000e+00
9.191660000000000386e-01
2.883640000000000092e-01
0.000000000000000000e+00
0.000000000000000000e+00
0.000000000000000000e+00
5.321120000000000294e-01
0.000000000000000000e+00
0.000000000000000000e+00
4.563049999999999745e-02
0.000000000000000000e+00
0.000000000000000000e+00
1.164020000000000055e+00
0.000000000000000000e+00
1.225239999999999940e-01
2.322519999999999918e+00
0.000000000000000000e+00
0.000000000000000000e+00
0.000000000000000000e+00
0.000000000000000000e+00
0.000000000000000000e+00
0.000000000000000000e+00
8.587789999999999591e-01
0.000000000000000000e+00
-2.040349999999999941e-01
0.000000000000000000e+00
7.583149999999999613e-02
0.000000000000000000e+00
4.171420000000000128e-01
0.000000000000000000e+00
-3.114950000000000219e-01
1.608270000000000088e+00
6.535509999999999931e-02
0.000000000000000000e+00
1.841959999999999986e-01
0.000000000000000000e+00
0.000000000000000000e+00
0.000000000000000000e+00
2.678820000000000090e-01
0.000000000000000000e+00
0.000000000000000000e+00
0.000000000000000000e+00
0.000000000000000000e+00
0.000000000000000000e+00
0.000000000000000000e+00
0.000000000000000000e+00
0.000000000000000000e+00
0.000000000000000000e+00
0.000000000000000000e+00
0.000000000000000000e+00
0.000000000000000000e+00
0.000000000000000000e+00
3.456730000000000080e-01
1.108260000000000023e+00
0.000000000000000000e+00
-1.623630000000000073e-01
3.042880000000000029e-01
1.180510000000000032e-01
0.000000000000000000e+00
1.249470000000000025e-01
0.000000000000000000e+00
0.000000000000000000e+00
0.000000000000000000e+00
0.000000000000000000e+00
0.000000000000000000e+00
2.026489999999999958e-01
1.019379999999999953e+00
0.000000000000000000e+00
9.894219999999999404e-02
4.731520000000000170e-01
0.000000000000000000e+00
0.000000000000000000e+00
0.000000000000000000e+00
0.000000000000000000e+00
0.000000000000000000e+00
2.013939999999999897e-01
0.000000000000000000e+00
2.343069999999999875e-01
0.000000000000000000e+00
0.000000000000000000e+00
0.000000000000000000e+00
3.327180000000000137e-01
0.000000000000000000e+00
1.607109999999999927e-01
0.000000000000000000e+00
0.000000000000000000e+00
0.000000000000000000e+00
0.000000000000000000e+00
0.000000000000000000e+00
0.000000000000000000e+00
1.499560000000000060e-01
0.000000000000000000e+00
0.000000000000000000e+00
1.531919999999999948e+00
5.734609999999999985e-01
0.000000000000000000e+00
0.000000000000000000e+00
0.000000000000000000e+00
0.000000000000000000e+00
0.000000000000000000e+00
0.000000000000000000e+00
0.000000000000000000e+00
0.000000000000000000e+00
0.000000000000000000e+00
0.000000000000000000e+00
0.000000000000000000e+00
7.022350000000000536e-01
0.000000000000000000e+00
0.000000000000000000e+00
0.000000000000000000e+00
0.000000000000000000e+00
0.000000000000000000e+00
0.000000000000000000e+00
0.000000000000000000e+00
0.000000000000000000e+00
0.000000000000000000e+00
0.000000000000000000e+00
0.000000000000000000e+00
0.000000000000000000e+00
0.000000000000000000e+00
0.000000000000000000e+00
0.000000000000000000e+00
0.000000000000000000e+00
0.000000000000000000e+00
0.000000000000000000e+00
0.000000000000000000e+00
0.000000000000000000e+00
0.000000000000000000e+00
0.000000000000000000e+00
0.000000000000000000e+00
0.000000000000000000e+00
0.000000000000000000e+00
0.000000000000000000e+00
0.000000000000000000e+00
-1.099500000000000061e-01
0.000000000000000000e+00
0.000000000000000000e+00
0.000000000000000000e+00
7.271759999999999335e-02
0.000000000000000000e+00
0.000000000000000000e+00
1.940379999999999883e-01
0.000000000000000000e+00
0.000000000000000000e+00
0.000000000000000000e+00
0.000000000000000000e+00
0.000000000000000000e+00
0.000000000000000000e+00
0.000000000000000000e+00
0.000000000000000000e+00
0.000000000000000000e+00
0.000000000000000000e+00
0.000000000000000000e+00
0.000000000000000000e+00
0.000000000000000000e+00
0.000000000000000000e+00
0.000000000000000000e+00
0.000000000000000000e+00
0.000000000000000000e+00
1.099110000000000031e+00
0.000000000000000000e+00
-2.579569999999999919e+00
0.000000000000000000e+00
0.000000000000000000e+00
0.000000000000000000e+00
-3.195239999999999747e-01
0.000000000000000000e+00
0.000000000000000000e+00
0.000000000000000000e+00
0.000000000000000000e+00
0.000000000000000000e+00
0.000000000000000000e+00
0.000000000000000000e+00
0.000000000000000000e+00
0.000000000000000000e+00
0.000000000000000000e+00
0.000000000000000000e+00
0.000000000000000000e+00
0.000000000000000000e+00
0.000000000000000000e+00
0.000000000000000000e+00
0.000000000000000000e+00
0.000000000000000000e+00
0.000000000000000000e+00
-1.036580000000000001e-01
0.000000000000000000e+00
0.000000000000000000e+00
0.000000000000000000e+00
0.000000000000000000e+00
0.000000000000000000e+00
0.000000000000000000e+00
0.000000000000000000e+00
0.000000000000000000e+00
0.000000000000000000e+00
0.000000000000000000e+00
-3.246489999999999793e-02
0.000000000000000000e+00
0.000000000000000000e+00
0.000000000000000000e+00
-8.268550000000000066e-01
0.000000000000000000e+00
0.000000000000000000e+00
-9.941759999999999486e-01
0.000000000000000000e+00
0.000000000000000000e+00
0.000000000000000000e+00
0.000000000000000000e+00
0.000000000000000000e+00
0.000000000000000000e+00
0.000000000000000000e+00
4.326400000000000245e-01
0.000000000000000000e+00
0.000000000000000000e+00
0.000000000000000000e+00
0.000000000000000000e+00
0.000000000000000000e+00
0.000000000000000000e+00
0.000000000000000000e+00
1.116430000000000033e+00
0.000000000000000000e+00
0.000000000000000000e+00
0.000000000000000000e+00
0.000000000000000000e+00
0.000000000000000000e+00
0.000000000000000000e+00
0.000000000000000000e+00
0.000000000000000000e+00
0.000000000000000000e+00
0.000000000000000000e+00
0.000000000000000000e+00
0.000000000000000000e+00
6.470960000000000045e-01
0.000000000000000000e+00
5.382350000000000190e-01
0.000000000000000000e+00
0.000000000000000000e+00
0.000000000000000000e+00
0.000000000000000000e+00
-4.536490000000000244e-01
8.068459999999999521e-01
0.000000000000000000e+00
0.000000000000000000e+00
0.000000000000000000e+00
0.000000000000000000e+00
0.000000000000000000e+00
0.000000000000000000e+00
0.000000000000000000e+00
0.000000000000000000e+00
0.000000000000000000e+00
0.000000000000000000e+00
0.000000000000000000e+00
0.000000000000000000e+00
0.000000000000000000e+00
0.000000000000000000e+00
6.414100000000000357e-01
0.000000000000000000e+00
0.000000000000000000e+00
0.000000000000000000e+00
0.000000000000000000e+00
0.000000000000000000e+00
0.000000000000000000e+00
0.000000000000000000e+00
0.000000000000000000e+00
-8.715770000000000461e-01
0.000000000000000000e+00
-1.691080000000000083e-01
0.000000000000000000e+00
1.218439999999999968e+00
8.270199999999999774e-01
0.000000000000000000e+00
5.143100000000000449e-01
1.361749999999999905e-01
0.000000000000000000e+00
0.000000000000000000e+00
0.000000000000000000e+00
0.000000000000000000e+00
0.000000000000000000e+00
-1.272790000000000032e-01
0.000000000000000000e+00
0.000000000000000000e+00
0.000000000000000000e+00
0.000000000000000000e+00
0.000000000000000000e+00
0.000000000000000000e+00
0.000000000000000000e+00
0.000000000000000000e+00
0.000000000000000000e+00
0.000000000000000000e+00
0.000000000000000000e+00
0.000000000000000000e+00
0.000000000000000000e+00
0.000000000000000000e+00
0.000000000000000000e+00
0.000000000000000000e+00
-4.200780000000000070e-01
0.000000000000000000e+00
0.000000000000000000e+00
0.000000000000000000e+00
0.000000000000000000e+00
0.000000000000000000e+00
3.058130000000000015e-01
0.000000000000000000e+00
0.000000000000000000e+00
0.000000000000000000e+00
0.000000000000000000e+00
0.000000000000000000e+00
0.000000000000000000e+00
0.000000000000000000e+00
0.000000000000000000e+00
0.000000000000000000e+00
0.000000000000000000e+00
5.833769999999999928e-02
0.000000000000000000e+00
7.231129999999999503e-02
0.000000000000000000e+00
3.606190000000000229e-01
0.000000000000000000e+00
0.000000000000000000e+00
3.911299999999999777e-01
2.165420000000000122e-01
0.000000000000000000e+00
-5.014899999999999913e-01
0.000000000000000000e+00
0.000000000000000000e+00
0.000000000000000000e+00
0.000000000000000000e+00
0.000000000000000000e+00
1.489939999999999876e-01
0.000000000000000000e+00
0.000000000000000000e+00
0.000000000000000000e+00
0.000000000000000000e+00
0.000000000000000000e+00
0.000000000000000000e+00
0.000000000000000000e+00
0.000000000000000000e+00
0.000000000000000000e+00
0.000000000000000000e+00
0.000000000000000000e+00
0.000000000000000000e+00
0.000000000000000000e+00
0.000000000000000000e+00
0.000000000000000000e+00
0.000000000000000000e+00
0.000000000000000000e+00
-4.719940000000000246e-02
0.000000000000000000e+00
0.000000000000000000e+00
0.000000000000000000e+00
0.000000000000000000e+00
-1.353499999999999981e-01
-4.632269999999999999e-01
0.000000000000000000e+00
0.000000000000000000e+00
0.000000000000000000e+00
0.000000000000000000e+00
0.000000000000000000e+00
-1.955830000000000068e-01
0.000000000000000000e+00
0.000000000000000000e+00
0.000000000000000000e+00
-2.120209999999999873e-01
0.000000000000000000e+00
0.000000000000000000e+00
0.000000000000000000e+00
0.000000000000000000e+00
0.000000000000000000e+00
-1.198990000000000000e+00
0.000000000000000000e+00
0.000000000000000000e+00
0.000000000000000000e+00
0.000000000000000000e+00
0.000000000000000000e+00
0.000000000000000000e+00
1.238770000000000010e-01
0.000000000000000000e+00
0.000000000000000000e+00
0.000000000000000000e+00
0.000000000000000000e+00
0.000000000000000000e+00
0.000000000000000000e+00
0.000000000000000000e+00
0.000000000000000000e+00
0.000000000000000000e+00
0.000000000000000000e+00
0.000000000000000000e+00
0.000000000000000000e+00
0.000000000000000000e+00
0.000000000000000000e+00
0.000000000000000000e+00
0.000000000000000000e+00
0.000000000000000000e+00
0.000000000000000000e+00
5.506029999999999952e-02
0.000000000000000000e+00
0.000000000000000000e+00
0.000000000000000000e+00
0.000000000000000000e+00
0.000000000000000000e+00
0.000000000000000000e+00
0.000000000000000000e+00
0.000000000000000000e+00
0.000000000000000000e+00
3.643159999999999732e-01
0.000000000000000000e+00
0.000000000000000000e+00
0.000000000000000000e+00
6.222450000000000481e-01
0.000000000000000000e+00
0.000000000000000000e+00
0.000000000000000000e+00
0.000000000000000000e+00
-1.498350000000000071e+00
0.000000000000000000e+00
-1.585799999999999987e-01
0.000000000000000000e+00
0.000000000000000000e+00
-2.747319999999999970e-02
0.000000000000000000e+00
-3.574689999999999812e-01
0.000000000000000000e+00
0.000000000000000000e+00
0.000000000000000000e+00
0.000000000000000000e+00
0.000000000000000000e+00
0.000000000000000000e+00
0.000000000000000000e+00
0.000000000000000000e+00
0.000000000000000000e+00
0.000000000000000000e+00
0.000000000000000000e+00
0.000000000000000000e+00
0.000000000000000000e+00
0.000000000000000000e+00
0.000000000000000000e+00
0.000000000000000000e+00
0.000000000000000000e+00
0.000000000000000000e+00
0.000000000000000000e+00
0.000000000000000000e+00
0.000000000000000000e+00
0.000000000000000000e+00
0.000000000000000000e+00
0.000000000000000000e+00
0.000000000000000000e+00
0.000000000000000000e+00
0.000000000000000000e+00
0.000000000000000000e+00
0.000000000000000000e+00
0.000000000000000000e+00
8.670519999999999616e-02
-1.559919999999999918e-01
0.000000000000000000e+00
0.000000000000000000e+00
0.000000000000000000e+00
0.000000000000000000e+00
0.000000000000000000e+00
0.000000000000000000e+00
0.000000000000000000e+00
0.000000000000000000e+00
0.000000000000000000e+00
0.000000000000000000e+00
0.000000000000000000e+00
-3.799910000000000232e-01
1.787400000000000100e-01
4.021469999999999767e-01
0.000000000000000000e+00
-2.519799999999999818e-01
0.000000000000000000e+00
-3.773020000000000262e-01
0.000000000000000000e+00
0.000000000000000000e+00
0.000000000000000000e+00
0.000000000000000000e+00
0.000000000000000000e+00
0.000000000000000000e+00
0.000000000000000000e+00
0.000000000000000000e+00
0.000000000000000000e+00
0.000000000000000000e+00
0.000000000000000000e+00
0.000000000000000000e+00
0.000000000000000000e+00
0.000000000000000000e+00
0.000000000000000000e+00
0.000000000000000000e+00
0.000000000000000000e+00
0.000000000000000000e+00
0.000000000000000000e+00
-4.119709999999999761e-01
0.000000000000000000e+00
2.032200000000000117e-01
0.000000000000000000e+00
0.000000000000000000e+00
0.000000000000000000e+00
0.000000000000000000e+00
0.000000000000000000e+00
0.000000000000000000e+00
0.000000000000000000e+00
0.000000000000000000e+00
0.000000000000000000e+00
0.000000000000000000e+00
0.000000000000000000e+00
0.000000000000000000e+00
-4.795329999999999870e-01
0.000000000000000000e+00
0.000000000000000000e+00
0.000000000000000000e+00
0.000000000000000000e+00
0.000000000000000000e+00
0.000000000000000000e+00
0.000000000000000000e+00
0.000000000000000000e+00
0.000000000000000000e+00
0.000000000000000000e+00
0.000000000000000000e+00
0.000000000000000000e+00
7.095240000000000435e-01
0.000000000000000000e+00
-1.227619999999999961e-01
0.000000000000000000e+00
0.000000000000000000e+00
0.000000000000000000e+00
7.860749999999999682e-01
7.484159999999999424e-02
0.000000000000000000e+00
0.000000000000000000e+00
0.000000000000000000e+00
-7.922639999999999683e-01
0.000000000000000000e+00
0.000000000000000000e+00
6.482970000000000399e-02
0.000000000000000000e+00
0.000000000000000000e+00
0.000000000000000000e+00
0.000000000000000000e+00
0.000000000000000000e+00
0.000000000000000000e+00
0.000000000000000000e+00
7.937130000000000019e-01
-4.968480000000000119e-01
0.000000000000000000e+00
2.385599999999999943e-01
3.967809999999999948e-01
0.000000000000000000e+00
0.000000000000000000e+00
0.000000000000000000e+00
0.000000000000000000e+00
0.000000000000000000e+00
0.000000000000000000e+00
0.000000000000000000e+00
0.000000000000000000e+00
0.000000000000000000e+00
0.000000000000000000e+00
0.000000000000000000e+00
0.000000000000000000e+00
0.000000000000000000e+00
0.000000000000000000e+00
0.000000000000000000e+00
0.000000000000000000e+00
0.000000000000000000e+00
0.000000000000000000e+00
0.000000000000000000e+00
-1.097090000000000010e-01
0.000000000000000000e+00
0.000000000000000000e+00
8.962080000000000046e-01
0.000000000000000000e+00
0.000000000000000000e+00
0.000000000000000000e+00
0.000000000000000000e+00
0.000000000000000000e+00
-1.784509999999999916e-02
0.000000000000000000e+00
0.000000000000000000e+00
0.000000000000000000e+00
6.569160000000000277e-02
0.000000000000000000e+00
0.000000000000000000e+00
1.316229999999999900e-01
0.000000000000000000e+00
0.000000000000000000e+00
0.000000000000000000e+00
0.000000000000000000e+00
0.000000000000000000e+00
0.000000000000000000e+00
0.000000000000000000e+00
0.000000000000000000e+00
0.000000000000000000e+00
0.000000000000000000e+00
0.000000000000000000e+00
0.000000000000000000e+00
0.000000000000000000e+00
0.000000000000000000e+00
0.000000000000000000e+00
0.000000000000000000e+00
-1.707569999999999921e-02
0.000000000000000000e+00
-5.840490000000000265e-02
0.000000000000000000e+00
-9.057159999999999656e-01
0.000000000000000000e+00
-8.032719999999999860e-01
0.000000000000000000e+00
0.000000000000000000e+00
0.000000000000000000e+00
-4.828319999999999834e-01
-8.651839999999999531e-01
0.000000000000000000e+00
-1.153249999999999970e-01
0.000000000000000000e+00
0.000000000000000000e+00
0.000000000000000000e+00
0.000000000000000000e+00
0.000000000000000000e+00
3.841530000000000222e-01
0.000000000000000000e+00
0.000000000000000000e+00
0.000000000000000000e+00
-2.236259999999999915e-01
-7.772930000000000117e-01
0.000000000000000000e+00
0.000000000000000000e+00
0.000000000000000000e+00
-2.256199999999999872e-01
0.000000000000000000e+00
0.000000000000000000e+00
0.000000000000000000e+00
0.000000000000000000e+00
0.000000000000000000e+00
0.000000000000000000e+00
0.000000000000000000e+00
0.000000000000000000e+00
-2.059020000000000017e-01
0.000000000000000000e+00
-4.087770000000000015e-01
0.000000000000000000e+00
0.000000000000000000e+00
-7.588160000000000460e-01
0.000000000000000000e+00
0.000000000000000000e+00
0.000000000000000000e+00
0.000000000000000000e+00
-1.014840000000000048e-01
0.000000000000000000e+00
0.000000000000000000e+00
-1.063189999999999968e-01
0.000000000000000000e+00
0.000000000000000000e+00
-6.280130000000000434e-01
-2.280510000000000037e+00
0.000000000000000000e+00
0.000000000000000000e+00
-1.548710000000000031e+00
-7.189459999999999740e-01
0.000000000000000000e+00
0.000000000000000000e+00
-1.002669999999999950e+00
0.000000000000000000e+00
0.000000000000000000e+00
0.000000000000000000e+00
0.000000000000000000e+00
0.000000000000000000e+00
-1.400900000000000062e-02
0.000000000000000000e+00
0.000000000000000000e+00
0.000000000000000000e+00
-1.165850000000000053e+00
0.000000000000000000e+00
0.000000000000000000e+00
0.000000000000000000e+00
0.000000000000000000e+00
-5.644240000000000368e-01
-7.882149999999999990e-01
0.000000000000000000e+00
-6.286920000000000286e-01
0.000000000000000000e+00
0.000000000000000000e+00
-6.999180000000000401e-01
0.000000000000000000e+00
-1.136859999999999954e-01
0.000000000000000000e+00
-9.624350000000000405e-01
0.000000000000000000e+00
-6.893209999999999615e-01
-9.620520000000000183e-01
4.523090000000000166e-01
-4.194720000000000115e-01
0.000000000000000000e+00
0.000000000000000000e+00
0.000000000000000000e+00
-1.007030000000000092e+00
0.000000000000000000e+00
0.000000000000000000e+00
0.000000000000000000e+00
0.000000000000000000e+00
0.000000000000000000e+00
0.000000000000000000e+00
-1.298359999999999959e+00
-5.086009999999999698e-01
0.000000000000000000e+00
0.000000000000000000e+00
-9.789949999999999486e-01
0.000000000000000000e+00
0.000000000000000000e+00
0.000000000000000000e+00
0.000000000000000000e+00
-1.156120000000000064e-01
0.000000000000000000e+00
0.000000000000000000e+00
1.624990000000000046e-01
0.000000000000000000e+00
-7.866009999999999946e-01
0.000000000000000000e+00
0.000000000000000000e+00
0.000000000000000000e+00
-6.348140000000000380e-03
0.000000000000000000e+00
0.000000000000000000e+00
0.000000000000000000e+00
0.000000000000000000e+00
0.000000000000000000e+00
0.000000000000000000e+00
0.000000000000000000e+00
0.000000000000000000e+00
0.000000000000000000e+00
0.000000000000000000e+00
-4.622810000000000114e-02
-3.599569999999999853e-02
-1.577580000000000093e-01
0.000000000000000000e+00
0.000000000000000000e+00
0.000000000000000000e+00
-4.121509999999999896e-01
0.000000000000000000e+00
-5.046669999999999767e-01
-5.842270000000000518e-01
0.000000000000000000e+00
0.000000000000000000e+00
0.000000000000000000e+00
0.000000000000000000e+00
0.000000000000000000e+00
0.000000000000000000e+00
0.000000000000000000e+00
0.000000000000000000e+00
0.000000000000000000e+00
0.000000000000000000e+00
0.000000000000000000e+00
0.000000000000000000e+00
0.000000000000000000e+00
-6.129239999999999688e-02
-6.458199999999999497e-01
-1.051330000000000098e+00
-1.968209999999999960e-01
0.000000000000000000e+00
1.981060000000000043e-01
-4.347079999999999833e-01
-5.245919999999999472e-01
-1.227860000000000062e-01
-1.062349999999999905e+00
-1.864389999999999936e-01
-5.992729999999999446e-01
0.000000000000000000e+00
0.000000000000000000e+00
0.000000000000000000e+00
-4.739479999999999804e-01
0.000000000000000000e+00
0.000000000000000000e+00
0.000000000000000000e+00
-3.800569999999999782e-01
0.000000000000000000e+00
-1.849000000000000088e-01
-9.183599999999999541e-01
0.000000000000000000e+00
-1.747309999999999974e-01
-3.546300000000000147e-02
0.000000000000000000e+00
-1.400299999999999878e-01
0.000000000000000000e+00
-8.794889999999999652e-01
1.006719999999999976e-01
0.000000000000000000e+00
0.000000000000000000e+00
0.000000000000000000e+00
0.000000000000000000e+00
0.000000000000000000e+00
0.000000000000000000e+00
0.000000000000000000e+00
0.000000000000000000e+00
0.000000000000000000e+00
0.000000000000000000e+00
0.000000000000000000e+00
-5.601800000000000113e-01
0.000000000000000000e+00
-7.786570000000000435e-01
0.000000000000000000e+00
0.000000000000000000e+00
-6.012920000000000487e-01
0.000000000000000000e+00
0.000000000000000000e+00
0.000000000000000000e+00
0.000000000000000000e+00
0.000000000000000000e+00
0.000000000000000000e+00
-5.020480000000000498e-01
0.000000000000000000e+00
0.000000000000000000e+00
-4.805409999999999959e-01
-6.629279999999999617e-01
0.000000000000000000e+00
0.000000000000000000e+00
-1.137040000000000051e+00
-2.436029999999999862e-01
0.000000000000000000e+00
-2.195729999999999904e-01
4.853199999999999736e-01
0.000000000000000000e+00
0.000000000000000000e+00
-3.316149999999999931e-01
5.124469999999999859e-01
0.000000000000000000e+00
6.278759999999999897e-01
0.000000000000000000e+00
-3.718139999999999779e-01
1.248260000000000064e-01
0.000000000000000000e+00
0.000000000000000000e+00
0.000000000000000000e+00
0.000000000000000000e+00
0.000000000000000000e+00
0.000000000000000000e+00
0.000000000000000000e+00
0.000000000000000000e+00
0.000000000000000000e+00
-5.289100000000000051e-02
0.000000000000000000e+00
-4.320609999999999729e-01
0.000000000000000000e+00
0.000000000000000000e+00
-3.897689999999999766e-01
-7.268090000000000384e-01
0.000000000000000000e+00
0.000000000000000000e+00
-5.712850000000000428e-01
-1.467179999999999873e-01
-4.178669999999999884e-01
0.000000000000000000e+00
0.000000000000000000e+00
2.000290000000000123e-01
-8.405460000000000154e-01
0.000000000000000000e+00
0.000000000000000000e+00
0.000000000000000000e+00
0.000000000000000000e+00
0.000000000000000000e+00
0.000000000000000000e+00
-3.381560000000000121e-01
-1.901200000000000112e-02
0.000000000000000000e+00
-5.052780000000000049e-01
0.000000000000000000e+00
0.000000000000000000e+00
0.000000000000000000e+00
0.000000000000000000e+00
-1.087490000000000068e+00
0.000000000000000000e+00
0.000000000000000000e+00
0.000000000000000000e+00
0.000000000000000000e+00
-6.569570000000000132e-01
0.000000000000000000e+00
-1.113520000000000005e-04
0.000000000000000000e+00
0.000000000000000000e+00
0.000000000000000000e+00
0.000000000000000000e+00
-1.539020000000000110e-01
0.000000000000000000e+00
-1.272769999999999957e+00
0.000000000000000000e+00
-2.003069999999999851e-02
0.000000000000000000e+00
0.000000000000000000e+00
0.000000000000000000e+00
0.000000000000000000e+00
0.000000000000000000e+00
0.000000000000000000e+00
0.000000000000000000e+00
0.000000000000000000e+00
-6.982180000000000331e-02
0.000000000000000000e+00
0.000000000000000000e+00
0.000000000000000000e+00
0.000000000000000000e+00
0.000000000000000000e+00
0.000000000000000000e+00
0.000000000000000000e+00
0.000000000000000000e+00
7.152659999999999574e-02
0.000000000000000000e+00
0.000000000000000000e+00
-1.482199999999999962e+00
0.000000000000000000e+00
0.000000000000000000e+00
0.000000000000000000e+00
0.000000000000000000e+00
0.000000000000000000e+00
0.000000000000000000e+00
0.000000000000000000e+00
0.000000000000000000e+00
0.000000000000000000e+00
0.000000000000000000e+00
-8.589329999999999188e-03
-7.064850000000000296e-01
0.000000000000000000e+00
0.000000000000000000e+00
0.000000000000000000e+00
0.000000000000000000e+00
0.000000000000000000e+00
0.000000000000000000e+00
0.000000000000000000e+00
0.000000000000000000e+00
0.000000000000000000e+00
-8.731139999999999457e-01
0.000000000000000000e+00
0.000000000000000000e+00
0.000000000000000000e+00
0.000000000000000000e+00
0.000000000000000000e+00
2.699489999999999945e-01
0.000000000000000000e+00
0.000000000000000000e+00
0.000000000000000000e+00
0.000000000000000000e+00
0.000000000000000000e+00
0.000000000000000000e+00
0.000000000000000000e+00
0.000000000000000000e+00
0.000000000000000000e+00
0.000000000000000000e+00
0.000000000000000000e+00
0.000000000000000000e+00
0.000000000000000000e+00
0.000000000000000000e+00
0.000000000000000000e+00
0.000000000000000000e+00
0.000000000000000000e+00
0.000000000000000000e+00
0.000000000000000000e+00
0.000000000000000000e+00
0.000000000000000000e+00
0.000000000000000000e+00
0.000000000000000000e+00
1.090519999999999962e-01
-3.120080000000000076e-02
0.000000000000000000e+00
0.000000000000000000e+00
0.000000000000000000e+00
0.000000000000000000e+00
0.000000000000000000e+00
0.000000000000000000e+00
0.000000000000000000e+00
0.000000000000000000e+00
0.000000000000000000e+00
0.000000000000000000e+00
0.000000000000000000e+00
0.000000000000000000e+00
1.229630000000000029e-01
0.000000000000000000e+00
0.000000000000000000e+00
0.000000000000000000e+00
0.000000000000000000e+00
0.000000000000000000e+00
0.000000000000000000e+00
0.000000000000000000e+00
-5.336159999999999792e-01
0.000000000000000000e+00
0.000000000000000000e+00
0.000000000000000000e+00
-1.160879999999999967e-01
0.000000000000000000e+00
7.599949999999999761e-02
0.000000000000000000e+00
0.000000000000000000e+00
0.000000000000000000e+00
0.000000000000000000e+00
4.626079999999999776e-02
0.000000000000000000e+00
0.000000000000000000e+00
0.000000000000000000e+00
-1.050699999999999967e-01
2.562019999999999853e-01
0.000000000000000000e+00
0.000000000000000000e+00
0.000000000000000000e+00
0.000000000000000000e+00
0.000000000000000000e+00
0.000000000000000000e+00
-1.221779999999999949e-01
0.000000000000000000e+00
0.000000000000000000e+00
1.839439999999999964e-01
0.000000000000000000e+00
0.000000000000000000e+00
-7.465990000000000126e-01
0.000000000000000000e+00
0.000000000000000000e+00
0.000000000000000000e+00
0.000000000000000000e+00
-3.893769999999999731e-01
0.000000000000000000e+00
0.000000000000000000e+00
1.514210000000000000e-01
0.000000000000000000e+00
0.000000000000000000e+00
0.000000000000000000e+00
-5.326349999999999696e-01
5.802220000000000294e-02
0.000000000000000000e+00
0.000000000000000000e+00
0.000000000000000000e+00
0.000000000000000000e+00
0.000000000000000000e+00
0.000000000000000000e+00
0.000000000000000000e+00
0.000000000000000000e+00
1.012420000000000098e+00
0.000000000000000000e+00
0.000000000000000000e+00
0.000000000000000000e+00
-1.136129999999999952e-02
0.000000000000000000e+00
0.000000000000000000e+00
0.000000000000000000e+00
0.000000000000000000e+00
-2.410770000000000135e-01
0.000000000000000000e+00
1.403710000000000013e+00
0.000000000000000000e+00
0.000000000000000000e+00
0.000000000000000000e+00
0.000000000000000000e+00
0.000000000000000000e+00
0.000000000000000000e+00
0.000000000000000000e+00
0.000000000000000000e+00
0.000000000000000000e+00
0.000000000000000000e+00
1.614370000000000041e-02
0.000000000000000000e+00
0.000000000000000000e+00
0.000000000000000000e+00
0.000000000000000000e+00
0.000000000000000000e+00
0.000000000000000000e+00
0.000000000000000000e+00
1.370699999999999974e-01
0.000000000000000000e+00
0.000000000000000000e+00
0.000000000000000000e+00
0.000000000000000000e+00
0.000000000000000000e+00
0.000000000000000000e+00
-1.574480000000000102e+00
0.000000000000000000e+00
0.000000000000000000e+00
-2.244990000000000041e+00
0.000000000000000000e+00
0.000000000000000000e+00
0.000000000000000000e+00
