1.077919999999999989e-01
2.219710000000000072e+00
7.339160000000000128e-01
4.844479999999999897e-01
1.293139999999999956e+00
-1.519240000000000035e-01
0.000000000000000000e+00
-1.081280000000000019e-01
4.907560000000000255e-01
0.000000000000000000e+00
9.644169999999999687e-01
2.488660000000000039e-01
1.417480000000000073e+00
-1.583829999999999960e-01
0.000000000000000000e+00
3.185479999999999978e-01
-8.713590000000000224e-02
8.601830000000000309e-01
1.237009999999999943e+00
0.000000000000000000e+00
0.000000000000000000e+00
-1.200050000000000006e-01
1.338399999999999868e-01
7.103629999999999667e-01
0.000000000000000000e+00
-3.213630000000000098e-01
5.248669999999999725e-01
0.000000000000000000e+00
2.614000000000000212e-01
7.203709999999999836e-01
6.246220000000000105e-01
1.612910000000000066e+00
0.000000000000000000e+00
-9.337159999999999904e-01
1.356170000000000098e+00
6.868549999999999933e-01
7.132319999999999771e-01
0.000000000000000000e+00
0.000000000000000000e+00
0.000000000000000000e+00
-6.039419999999999789e-01
0.000000000000000000e+00
6.378300000000000636e-02
7.087400000000000366e-01
0.000000000000000000e+00
8.549139999999999517e-01
0.000000000000000000e+00
1.362770000000000037e+00
0.000000000000000000e+00
9.463670000000000415e-03
0.000000000000000000e+00
6.842700000000000449e-01
0.000000000000000000e+00
3.826249999999999929e-01
2.383609999999999896e-01
2.330360000000000070e-02
0.000000000000000000e+00
8.089199999999999724e-01
2.490459999999999896e-01
0.000000000000000000e+00
0.000000000000000000e+00
7.583140000000000436e-01
1.097159999999999913e+00
0.000000000000000000e+00
0.000000000000000000e+00
2.903189999999999937e-01
0.000000000000000000e+00
0.000000000000000000e+00
2.141449999999999854e+00
0.000000000000000000e+00
0.000000000000000000e+00
5.862889999999999491e-01
6.053929999999999589e-01
0.000000000000000000e+00
0.000000000000000000e+00
0.000000000000000000e+00
0.000000000000000000e+00
0.000000000000000000e+00
0.000000000000000000e+00
0.000000000000000000e+00
2.419419999999999904e-01
-2.496040000000000064e-02
0.000000000000000000e+00
2.571729999999999849e-01
0.000000000000000000e+00
-5.068920000000000092e-01
0.000000000000000000e+00
3.393909999999999982e-01
8.107140000000000457e-01
0.000000000000000000e+00
0.000000000000000000e+00
6.377750000000000086e-02
0.000000000000000000e+00
0.000000000000000000e+00
-6.731600000000000084e-02
4.394669999999999965e-01
0.000000000000000000e+00
0.000000000000000000e+00
0.000000000000000000e+00
0.000000000000000000e+00
0.000000000000000000e+00
4.394830000000000125e-01
1.582559999999999967e+00
-6.116009999999999849e-03
0.000000000000000000e+00
3.186650000000000205e+00
0.000000000000000000e+00
-2.409100000000000130e-01
0.000000000000000000e+00
0.000000000000000000e+00
0.000000000000000000e+00
1.128109999999999946e+00
1.443859999999999866e-01
0.000000000000000000e+00
1.077110000000000012e+00
0.000000000000000000e+00
3.613489999999999758e-02
-5.119519999999999627e-01
1.839730000000000087e+00
-5.957179999999999698e-01
3.457140000000000213e-01
1.008140000000000036e+00
2.598670000000000146e-01
0.000000000000000000e+00
0.000000000000000000e+00
1.322639999999999927e-01
0.000000000000000000e+00
0.000000000000000000e+00
0.000000000000000000e+00
0.000000000000000000e+00
3.646360000000000157e-01
0.000000000000000000e+00
0.000000000000000000e+00
0.000000000000000000e+00
0.000000000000000000e+00
8.585429999999999451e-01
-8.649249999999999994e-02
0.000000000000000000e+00
0.000000000000000000e+00
0.000000000000000000e+00
9.462310000000000443e-01
1.181550000000000100e+00
2.390279999999999905e-01
-2.868329999999999838e-02
0.000000000000000000e+00
-1.830749999999999877e-01
2.191150000000000042e-01
0.000000000000000000e+00
4.647990000000000177e-01
9.920109999999999761e-01
0.000000000000000000e+00
0.000000000000000000e+00
0.000000000000000000e+00
-2.563009999999999941e-02
6.434499999999999664e-01
1.800939999999999985e+00
-2.300810000000000008e-02
0.000000000000000000e+00
5.333909999999999485e-01
1.646229999999999916e-01
1.806000000000000105e-01
0.000000000000000000e+00
2.056020000000000070e-01
0.000000000000000000e+00
-1.899339999999999917e-01
0.000000000000000000e+00
2.019750000000000156e+00
1.432830000000000048e+00
1.875459999999999905e+00
0.000000000000000000e+00
0.000000000000000000e+00
1.506140000000000034e+00
4.214030000000000276e-01
8.133209999999999607e-01
0.000000000000000000e+00
0.000000000000000000e+00
0.000000000000000000e+00
0.000000000000000000e+00
0.000000000000000000e+00
1.060690000000000070e-02
0.000000000000000000e+00
7.535060000000000369e-02
0.000000000000000000e+00
0.000000000000000000e+00
0.000000000000000000e+00
1.943889999999999896e+00
0.000000000000000000e+00
2.869240000000000124e-01
0.000000000000000000e+00
0.000000000000000000e+00
9.771619999999999751e-01
1.223689999999999944e+00
1.379899999999999904e+00
0.000000000000000000e+00
0.000000000000000000e+00
0.000000000000000000e+00
1.438940000000000108e+00
-9.589090000000000114e-02
-1.674750000000000127e-01
6.662239999999999829e-02
0.000000000000000000e+00
0.000000000000000000e+00
0.000000000000000000e+00
-2.635310000000000152e-01
1.244299999999999989e-01
1.286419999999999897e+00
8.948589999999999600e-01
1.748550000000000049e+00
-4.497959999999999736e-01
3.457319999999999838e-01
0.000000000000000000e+00
4.388319999999999999e-01
0.000000000000000000e+00
4.940260000000000207e-01
-7.384859999999999758e-01
0.000000000000000000e+00
9.603199999999999514e-01
0.000000000000000000e+00
0.000000000000000000e+00
7.672419999999999796e-01
1.165669999999999984e+00
1.599839999999999929e+00
0.000000000000000000e+00
0.000000000000000000e+00
0.000000000000000000e+00
8.779709999999999598e-03
0.000000000000000000e+00
0.000000000000000000e+00
0.000000000000000000e+00
0.000000000000000000e+00
0.000000000000000000e+00
0.000000000000000000e+00
2.188410000000000077e-01
1.957379999999999898e+00
0.000000000000000000e+00
0.000000000000000000e+00
3.844090000000000007e-01
4.152870000000000172e-01
0.000000000000000000e+00
0.000000000000000000e+00
2.202859999999999818e+00
0.000000000000000000e+00
0.000000000000000000e+00
0.000000000000000000e+00
0.000000000000000000e+00
0.000000000000000000e+00
1.487389999999999990e+00
0.000000000000000000e+00
0.000000000000000000e+00
0.000000000000000000e+00
0.000000000000000000e+00
0.000000000000000000e+00
0.000000000000000000e+00
0.000000000000000000e+00
0.000000000000000000e+00
0.000000000000000000e+00
0.000000000000000000e+00
0.000000000000000000e+00
0.000000000000000000e+00
7.374739999999999629e-01
0.000000000000000000e+00
0.000000000000000000e+00
0.000000000000000000e+00
-5.825200000000000378e-01
-1.829179999999999973e-01
4.187489999999999823e-01
2.090190000000000214e+00
0.000000000000000000e+00
0.000000000000000000e+00
6.085930000000000506e-01
0.000000000000000000e+00
0.000000000000000000e+00
0.000000000000000000e+00
0.000000000000000000e+00
0.000000000000000000e+00
0.000000000000000000e+00
0.000000000000000000e+00
0.000000000000000000e+00
0.000000000000000000e+00
9.242420000000000080e-01
-9.988669999999999494e-02
1.052769999999999984e+00
0.000000000000000000e+00
0.000000000000000000e+00
0.000000000000000000e+00
3.191809999999999925e-01
1.942659999999999942e-01
0.000000000000000000e+00
0.000000000000000000e+00
0.000000000000000000e+00
0.000000000000000000e+00
0.000000000000000000e+00
0.000000000000000000e+00
0.000000000000000000e+00
0.000000000000000000e+00
0.000000000000000000e+00
0.000000000000000000e+00
0.000000000000000000e+00
0.000000000000000000e+00
4.242799999999999905e-01
0.000000000000000000e+00
0.000000000000000000e+00
0.000000000000000000e+00
0.000000000000000000e+00
0.000000000000000000e+00
0.000000000000000000e+00
0.000000000000000000e+00
0.000000000000000000e+00
0.000000000000000000e+00
0.000000000000000000e+00
0.000000000000000000e+00
-1.345669999999999922e+00
0.000000000000000000e+00
0.000000000000000000e+00
0.000000000000000000e+00
0.000000000000000000e+00
0.000000000000000000e+00
0.000000000000000000e+00
0.000000000000000000e+00
0.000000000000000000e+00
0.000000000000000000e+00
0.000000000000000000e+00
0.000000000000000000e+00
0.000000000000000000e+00
0.000000000000000000e+00
0.000000000000000000e+00
-2.784449999999999981e-01
-6.280059999999999809e-02
2.414020000000000055e-01
0.000000000000000000e+00
0.000000000000000000e+00
0.000000000000000000e+00
0.000000000000000000e+00
0.000000000000000000e+00
0.000000000000000000e+00
5.153889999999999860e-01
-3.191890000000000005e-02
0.000000000000000000e+00
0.000000000000000000e+00
2.939959999999999796e-01
0.000000000000000000e+00
0.000000000000000000e+00
0.000000000000000000e+00
0.000000000000000000e+00
0.000000000000000000e+00
-1.693979999999999930e-01
0.000000000000000000e+00
0.000000000000000000e+00
0.000000000000000000e+00
0.000000000000000000e+00
6.435549999999999882e-01
0.000000000000000000e+00
0.000000000000000000e+00
0.000000000000000000e+00
0.000000000000000000e+00
0.000000000000000000e+00
0.000000000000000000e+00
0.000000000000000000e+00
-5.825200000000000378e-01
0.000000000000000000e+00
0.000000000000000000e+00
0.000000000000000000e+00
0.000000000000000000e+00
0.000000000000000000e+00
0.000000000000000000e+00
0.000000000000000000e+00
1.098449999999999926e+00
0.000000000000000000e+00
0.000000000000000000e+00
0.000000000000000000e+00
0.000000000000000000e+00
0.000000000000000000e+00
0.000000000000000000e+00
9.164039999999999686e-02
0.000000000000000000e+00
0.000000000000000000e+00
-2.355470000000000064e-01
0.000000000000000000e+00
-1.184989999999999932e-01
1.411589999999999900e+00
-1.859889999999999877e-01
0.000000000000000000e+00
0.000000000000000000e+00
0.000000000000000000e+00
0.000000000000000000e+00
0.000000000000000000e+00
6.924209999999999532e-01
0.000000000000000000e+00
0.000000000000000000e+00
0.000000000000000000e+00
3.221410000000000107e-01
0.000000000000000000e+00
0.000000000000000000e+00
0.000000000000000000e+00
1.276070000000000038e+00
0.000000000000000000e+00
0.000000000000000000e+00
-3.713750000000000107e+00
0.000000000000000000e+00
-1.693829999999999947e+00
0.000000000000000000e+00
0.000000000000000000e+00
0.000000000000000000e+00
-1.891069999999999973e-01
1.218660000000000021e-01
-2.268159999999999898e-01
-3.970890000000000253e-01
1.987009999999999887e-01
1.763969999999999982e-01
-2.486339999999999939e-01
8.809200000000000363e-01
4.536549999999999749e-01
-5.755259999999999820e-01
0.000000000000000000e+00
1.824449999999999961e-01
-1.145369999999999999e+00
2.469500000000000028e-01
0.000000000000000000e+00
3.458429999999999838e-02
-3.340219999999999856e-01
0.000000000000000000e+00
-1.289500000000000091e-01
8.233669999999999600e-01
0.000000000000000000e+00
7.973360000000000447e-01
-1.104319999999999968e+00
0.000000000000000000e+00
0.000000000000000000e+00
0.000000000000000000e+00
0.000000000000000000e+00
0.000000000000000000e+00
0.000000000000000000e+00
0.000000000000000000e+00
0.000000000000000000e+00
0.000000000000000000e+00
0.000000000000000000e+00
0.000000000000000000e+00
2.262079999999999924e-01
1.106970000000000010e+00
-5.214370000000000116e-02
8.717260000000000009e-01
0.000000000000000000e+00
0.000000000000000000e+00
1.737339999999999995e-01
0.000000000000000000e+00
-1.014669999999999961e+00
0.000000000000000000e+00
2.413549999999999862e-01
0.000000000000000000e+00
0.000000000000000000e+00
0.000000000000000000e+00
-1.006819999999999937e-01
-4.207190000000000096e-01
0.000000000000000000e+00
0.000000000000000000e+00
1.393099999999999894e-01
0.000000000000000000e+00
0.000000000000000000e+00
2.322589999999999932e-01
-4.305959999999999788e-01
0.000000000000000000e+00
0.000000000000000000e+00
0.000000000000000000e+00
0.000000000000000000e+00
0.000000000000000000e+00
0.000000000000000000e+00
0.000000000000000000e+00
1.773079999999999934e-01
0.000000000000000000e+00
0.000000000000000000e+00
0.000000000000000000e+00
0.000000000000000000e+00
0.000000000000000000e+00
0.000000000000000000e+00
0.000000000000000000e+00
0.000000000000000000e+00
0.000000000000000000e+00
0.000000000000000000e+00
1.202660000000000062e+00
0.000000000000000000e+00
0.000000000000000000e+00
0.000000000000000000e+00
0.000000000000000000e+00
0.000000000000000000e+00
0.000000000000000000e+00
-3.081760000000000055e-01
0.000000000000000000e+00
0.000000000000000000e+00
8.220829999999999804e-02
0.000000000000000000e+00
0.000000000000000000e+00
0.000000000000000000e+00
0.000000000000000000e+00
0.000000000000000000e+00
0.000000000000000000e+00
0.000000000000000000e+00
0.000000000000000000e+00
0.000000000000000000e+00
0.000000000000000000e+00
1.361719999999999875e-01
0.000000000000000000e+00
0.000000000000000000e+00
0.000000000000000000e+00
0.000000000000000000e+00
5.598180000000000378e-01
0.000000000000000000e+00
0.000000000000000000e+00
0.000000000000000000e+00
0.000000000000000000e+00
0.000000000000000000e+00
0.000000000000000000e+00
0.000000000000000000e+00
0.000000000000000000e+00
0.000000000000000000e+00
6.027010000000000423e-01
0.000000000000000000e+00
0.000000000000000000e+00
0.000000000000000000e+00
0.000000000000000000e+00
0.000000000000000000e+00
0.000000000000000000e+00
2.988759999999999750e-01
0.000000000000000000e+00
0.000000000000000000e+00
0.000000000000000000e+00
0.000000000000000000e+00
-7.446890000000000454e-01
0.000000000000000000e+00
0.000000000000000000e+00
0.000000000000000000e+00
0.000000000000000000e+00
0.000000000000000000e+00
0.000000000000000000e+00
0.000000000000000000e+00
0.000000000000000000e+00
0.000000000000000000e+00
0.000000000000000000e+00
0.000000000000000000e+00
0.000000000000000000e+00
0.000000000000000000e+00
0.000000000000000000e+00
0.000000000000000000e+00
0.000000000000000000e+00
1.513370000000000104e+00
0.000000000000000000e+00
0.000000000000000000e+00
0.000000000000000000e+00
0.000000000000000000e+00
0.000000000000000000e+00
0.000000000000000000e+00
0.000000000000000000e+00
0.000000000000000000e+00
-9.060030000000000028e-01
0.000000000000000000e+00
7.641169999999999907e-02
0.000000000000000000e+00
0.000000000000000000e+00
0.000000000000000000e+00
4.256719999999999948e-01
-5.760690000000000532e-01
0.000000000000000000e+00
0.000000000000000000e+00
3.123119999999999785e-01
0.000000000000000000e+00
0.000000000000000000e+00
-3.465960000000000152e-01
2.242220000000000046e-01
0.000000000000000000e+00
0.000000000000000000e+00
0.000000000000000000e+00
0.000000000000000000e+00
0.000000000000000000e+00
0.000000000000000000e+00
0.000000000000000000e+00
0.000000000000000000e+00
0.000000000000000000e+00
0.000000000000000000e+00
0.000000000000000000e+00
0.000000000000000000e+00
0.000000000000000000e+00
0.000000000000000000e+00
0.000000000000000000e+00
0.000000000000000000e+00
0.000000000000000000e+00
0.000000000000000000e+00
0.000000000000000000e+00
0.000000000000000000e+00
0.000000000000000000e+00
0.000000000000000000e+00
0.000000000000000000e+00
0.000000000000000000e+00
0.000000000000000000e+00
0.000000000000000000e+00
0.000000000000000000e+00
0.000000000000000000e+00
0.000000000000000000e+00
0.000000000000000000e+00
4.107359999999999900e-01
0.000000000000000000e+00
0.000000000000000000e+00
0.000000000000000000e+00
0.000000000000000000e+00
0.000000000000000000e+00
-4.515419999999999989e-01
8.513560000000000572e-02
6.261320000000000219e-01
1.168610000000000048e-03
0.000000000000000000e+00
0.000000000000000000e+00
0.000000000000000000e+00
0.000000000000000000e+00
0.000000000000000000e+00
0.000000000000000000e+00
0.000000000000000000e+00
0.000000000000000000e+00
0.000000000000000000e+00
0.000000000000000000e+00
0.000000000000000000e+00
0.000000000000000000e+00
-4.516200000000000214e-01
0.000000000000000000e+00
0.000000000000000000e+00
0.000000000000000000e+00
1.848080000000000001e-01
0.000000000000000000e+00
0.000000000000000000e+00
0.000000000000000000e+00
0.000000000000000000e+00
0.000000000000000000e+00
0.000000000000000000e+00
0.000000000000000000e+00
-3.266100000000000114e-01
0.000000000000000000e+00
0.000000000000000000e+00
0.000000000000000000e+00
0.000000000000000000e+00
0.000000000000000000e+00
-1.299400000000000110e+00
0.000000000000000000e+00
0.000000000000000000e+00
0.000000000000000000e+00
0.000000000000000000e+00
0.000000000000000000e+00
0.000000000000000000e+00
-2.673889999999999878e-01
0.000000000000000000e+00
0.000000000000000000e+00
2.127650000000000097e-01
0.000000000000000000e+00
0.000000000000000000e+00
0.000000000000000000e+00
0.000000000000000000e+00
0.000000000000000000e+00
0.000000000000000000e+00
0.000000000000000000e+00
0.000000000000000000e+00
0.000000000000000000e+00
7.327770000000000117e-01
0.000000000000000000e+00
0.000000000000000000e+00
5.978189999999999893e-01
1.203130000000000033e+00
0.000000000000000000e+00
2.963870000000000116e-01
0.000000000000000000e+00
2.081929999999999892e-02
0.000000000000000000e+00
0.000000000000000000e+00
0.000000000000000000e+00
0.000000000000000000e+00
0.000000000000000000e+00
0.000000000000000000e+00
0.000000000000000000e+00
0.000000000000000000e+00
1.193830000000000030e-01
0.000000000000000000e+00
0.000000000000000000e+00
1.073709999999999942e+00
0.000000000000000000e+00
2.180310000000000026e-01
0.000000000000000000e+00
0.000000000000000000e+00
0.000000000000000000e+00
0.000000000000000000e+00
0.000000000000000000e+00
0.000000000000000000e+00
0.000000000000000000e+00
0.000000000000000000e+00
0.000000000000000000e+00
0.000000000000000000e+00
0.000000000000000000e+00
0.000000000000000000e+00
0.000000000000000000e+00
0.000000000000000000e+00
0.000000000000000000e+00
0.000000000000000000e+00
0.000000000000000000e+00
-8.932639999999999469e-01
0.000000000000000000e+00
0.000000000000000000e+00
0.000000000000000000e+00
0.000000000000000000e+00
0.000000000000000000e+00
-4.415290000000000048e-01
5.482390000000000319e-01
-4.868879999999999875e-01
7.782210000000000516e-01
5.833739999999999482e-01
0.000000000000000000e+00
0.000000000000000000e+00
0.000000000000000000e+00
0.000000000000000000e+00
0.000000000000000000e+00
0.000000000000000000e+00
0.000000000000000000e+00
0.000000000000000000e+00
6.671489999999999920e-01
4.431200000000000139e-01
0.000000000000000000e+00
4.511350000000000082e-02
2.118279999999999941e+00
0.000000000000000000e+00
0.000000000000000000e+00
0.000000000000000000e+00
0.000000000000000000e+00
0.000000000000000000e+00
0.000000000000000000e+00
0.000000000000000000e+00
0.000000000000000000e+00
0.000000000000000000e+00
0.000000000000000000e+00
0.000000000000000000e+00
0.000000000000000000e+00
0.000000000000000000e+00
-3.151309999999999945e-01
0.000000000000000000e+00
0.000000000000000000e+00
0.000000000000000000e+00
-1.670300000000000118e-01
0.000000000000000000e+00
0.000000000000000000e+00
0.000000000000000000e+00
0.000000000000000000e+00
0.000000000000000000e+00
0.000000000000000000e+00
0.000000000000000000e+00
-2.870289999999999786e-01
-6.173859999999999904e-01
-7.817330000000000112e-01
-1.154649999999999982e-01
0.000000000000000000e+00
0.000000000000000000e+00
0.000000000000000000e+00
3.317959999999999798e+00
0.000000000000000000e+00
-1.759719999999999951e+00
-3.057529999999999970e-01
0.000000000000000000e+00
-5.825200000000000378e-01
0.000000000000000000e+00
0.000000000000000000e+00
-7.113899999999999668e-01
0.000000000000000000e+00
1.264939999999999953e+00
-6.905839999999999756e-01
0.000000000000000000e+00
0.000000000000000000e+00
0.000000000000000000e+00
0.000000000000000000e+00
0.000000000000000000e+00
0.000000000000000000e+00
0.000000000000000000e+00
0.000000000000000000e+00
4.634150000000000214e-01
0.000000000000000000e+00
0.000000000000000000e+00
1.371439999999999881e-01
-1.281030000000000016e-02
3.458429999999999838e-02
0.000000000000000000e+00
0.000000000000000000e+00
0.000000000000000000e+00
0.000000000000000000e+00
0.000000000000000000e+00
0.000000000000000000e+00
0.000000000000000000e+00
4.686810000000000143e-01
-3.825989999999999946e-02
0.000000000000000000e+00
-4.963099999999999734e-01
0.000000000000000000e+00
0.000000000000000000e+00
0.000000000000000000e+00
0.000000000000000000e+00
-8.439200000000000035e-01
0.000000000000000000e+00
1.497799999999999965e-01
0.000000000000000000e+00
0.000000000000000000e+00
0.000000000000000000e+00
0.000000000000000000e+00
0.000000000000000000e+00
0.000000000000000000e+00
0.000000000000000000e+00
0.000000000000000000e+00
0.000000000000000000e+00
0.000000000000000000e+00
0.000000000000000000e+00
0.000000000000000000e+00
0.000000000000000000e+00
0.000000000000000000e+00
-5.164860000000000007e-01
-4.999689999999999968e-01
-9.238709999999999978e-02
0.000000000000000000e+00
0.000000000000000000e+00
0.000000000000000000e+00
-3.840700000000000225e-01
0.000000000000000000e+00
0.000000000000000000e+00
0.000000000000000000e+00
0.000000000000000000e+00
-2.384590000000000043e-01
0.000000000000000000e+00
0.000000000000000000e+00
-2.635930000000000217e-01
5.241230000000000194e-02
-2.744130000000000180e-01
9.582509999999999639e-01
0.000000000000000000e+00
0.000000000000000000e+00
0.000000000000000000e+00
0.000000000000000000e+00
0.000000000000000000e+00
0.000000000000000000e+00
0.000000000000000000e+00
0.000000000000000000e+00
0.000000000000000000e+00
-6.831180000000000030e-01
0.000000000000000000e+00
0.000000000000000000e+00
-3.371720000000000272e-01
0.000000000000000000e+00
0.000000000000000000e+00
0.000000000000000000e+00
0.000000000000000000e+00
0.000000000000000000e+00
0.000000000000000000e+00
0.000000000000000000e+00
0.000000000000000000e+00
6.690359999999999363e-02
-3.027500000000000191e-01
-4.086929999999999903e-03
-5.862960000000000393e-01
0.000000000000000000e+00
5.850620000000000126e-02
0.000000000000000000e+00
0.000000000000000000e+00
1.085139999999999993e+00
-7.827640000000000153e-01
0.000000000000000000e+00
0.000000000000000000e+00
0.000000000000000000e+00
0.000000000000000000e+00
0.000000000000000000e+00
0.000000000000000000e+00
0.000000000000000000e+00
0.000000000000000000e+00
0.000000000000000000e+00
0.000000000000000000e+00
0.000000000000000000e+00
0.000000000000000000e+00
0.000000000000000000e+00
0.000000000000000000e+00
-2.214420000000000055e+00
0.000000000000000000e+00
-1.664250000000000007e+00
0.000000000000000000e+00
0.000000000000000000e+00
0.000000000000000000e+00
0.000000000000000000e+00
0.000000000000000000e+00
0.000000000000000000e+00
3.203190000000000204e-01
0.000000000000000000e+00
0.000000000000000000e+00
0.000000000000000000e+00
0.000000000000000000e+00
0.000000000000000000e+00
0.000000000000000000e+00
0.000000000000000000e+00
0.000000000000000000e+00
0.000000000000000000e+00
-9.030559999999999976e-03
-9.959769999999999734e-02
7.364230000000000498e-01
0.000000000000000000e+00
0.000000000000000000e+00
1.785219999999999863e-01
0.000000000000000000e+00
0.000000000000000000e+00
0.000000000000000000e+00
0.000000000000000000e+00
0.000000000000000000e+00
0.000000000000000000e+00
-2.570709999999999940e-01
0.000000000000000000e+00
0.000000000000000000e+00
0.000000000000000000e+00
0.000000000000000000e+00
0.000000000000000000e+00
1.176320000000000005e-01
0.000000000000000000e+00
1.439990000000000103e+00
-3.151309999999999945e-01
0.000000000000000000e+00
0.000000000000000000e+00
3.847470000000000057e-01
0.000000000000000000e+00
0.000000000000000000e+00
0.000000000000000000e+00
0.000000000000000000e+00
0.000000000000000000e+00
0.000000000000000000e+00
0.000000000000000000e+00
0.000000000000000000e+00
0.000000000000000000e+00
0.000000000000000000e+00
0.000000000000000000e+00
0.000000000000000000e+00
2.670509999999999828e-01
0.000000000000000000e+00
0.000000000000000000e+00
0.000000000000000000e+00
0.000000000000000000e+00
0.000000000000000000e+00
0.000000000000000000e+00
0.000000000000000000e+00
-8.094719999999999693e-03
0.000000000000000000e+00
0.000000000000000000e+00
0.000000000000000000e+00
0.000000000000000000e+00
0.000000000000000000e+00
-8.396709999999999452e-01
-1.150739999999999923e-02
0.000000000000000000e+00
4.035509999999999931e-01
-3.368470000000000075e-01
-7.053730000000000278e-01
-1.574780000000000069e+00
-3.151309999999999945e-01
0.000000000000000000e+00
0.000000000000000000e+00
0.000000000000000000e+00
0.000000000000000000e+00
0.000000000000000000e+00
-2.370610000000000078e-02
-7.180509999999999948e-01
0.000000000000000000e+00
0.000000000000000000e+00
1.027649999999999952e+00
-3.925279999999999880e-01
-6.145260000000000167e-01
3.026860000000000106e-01
0.000000000000000000e+00
0.000000000000000000e+00
0.000000000000000000e+00
0.000000000000000000e+00
0.000000000000000000e+00
0.000000000000000000e+00
-4.773850000000000038e-01
0.000000000000000000e+00
-8.617449999999999832e-01
-3.710339999999999749e-01
1.296410000000000062e-01
-2.701089999999999880e-01
0.000000000000000000e+00
0.000000000000000000e+00
0.000000000000000000e+00
-1.106009999999999938e+00
0.000000000000000000e+00
-5.396640000000000326e-01
-1.792150000000000132e-01
0.000000000000000000e+00
0.000000000000000000e+00
0.000000000000000000e+00
0.000000000000000000e+00
-3.513920000000000238e-02
-8.324510000000000520e-01
0.000000000000000000e+00
0.000000000000000000e+00
0.000000000000000000e+00
-6.609660000000000535e-01
-1.249299999999999994e-01
0.000000000000000000e+00
-4.561359999999999859e-01
-2.521160000000000068e-01
0.000000000000000000e+00
-3.373940000000000272e-01
0.000000000000000000e+00
-4.436410000000000076e-01
0.000000000000000000e+00
-1.950040000000000107e-01
0.000000000000000000e+00
0.000000000000000000e+00
-6.832470000000000487e-01
-7.068569999999999576e-01
0.000000000000000000e+00
-2.549159999999999759e-01
-1.723459999999999992e+00
-4.040920000000000067e-01
-4.402360000000000162e-01
0.000000000000000000e+00
0.000000000000000000e+00
6.878299999999999692e-02
-2.066919999999999868e-01
0.000000000000000000e+00
-9.669330000000000425e-01
0.000000000000000000e+00
-1.932599999999999874e-01
0.000000000000000000e+00
-5.967369999999999619e-01
0.000000000000000000e+00
0.000000000000000000e+00
0.000000000000000000e+00
0.000000000000000000e+00
-2.122149999999999870e-01
-5.612449999999999939e-01
-8.340970000000000328e-02
0.000000000000000000e+00
0.000000000000000000e+00
0.000000000000000000e+00
-9.731180000000000385e-02
-5.100580000000000114e-01
0.000000000000000000e+00
0.000000000000000000e+00
-7.043859999999999566e-01
3.347309999999999869e-02
0.000000000000000000e+00
0.000000000000000000e+00
-8.546319999999999473e-01
0.000000000000000000e+00
0.000000000000000000e+00
0.000000000000000000e+00
0.000000000000000000e+00
0.000000000000000000e+00
0.000000000000000000e+00
0.000000000000000000e+00
0.000000000000000000e+00
0.000000000000000000e+00
0.000000000000000000e+00
-6.285680000000000156e-01
-1.662400000000000100e+00
0.000000000000000000e+00
0.000000000000000000e+00
0.000000000000000000e+00
0.000000000000000000e+00
0.000000000000000000e+00
0.000000000000000000e+00
-9.426269999999999927e-01
0.000000000000000000e+00
0.000000000000000000e+00
-1.567169999999999952e-01
0.000000000000000000e+00
0.000000000000000000e+00
0.000000000000000000e+00
0.000000000000000000e+00
0.000000000000000000e+00
1.595050000000000079e-01
0.000000000000000000e+00
-2.121259999999999923e+00
0.000000000000000000e+00
0.000000000000000000e+00
0.000000000000000000e+00
0.000000000000000000e+00
0.000000000000000000e+00
0.000000000000000000e+00
0.000000000000000000e+00
-1.602009999999999934e+00
0.000000000000000000e+00
0.000000000000000000e+00
0.000000000000000000e+00
0.000000000000000000e+00
0.000000000000000000e+00
0.000000000000000000e+00
0.000000000000000000e+00
0.000000000000000000e+00
-4.687629999999999852e-01
0.000000000000000000e+00
0.000000000000000000e+00
0.000000000000000000e+00
0.000000000000000000e+00
0.000000000000000000e+00
0.000000000000000000e+00
-1.097709999999999964e+00
0.000000000000000000e+00
-2.539969999999999728e-01
0.000000000000000000e+00
0.000000000000000000e+00
-2.786819999999999922e-02
0.000000000000000000e+00
0.000000000000000000e+00
0.000000000000000000e+00
0.000000000000000000e+00
0.000000000000000000e+00
0.000000000000000000e+00
0.000000000000000000e+00
0.000000000000000000e+00
-5.853410000000000002e-01
0.000000000000000000e+00
-3.477640000000000176e-01
0.000000000000000000e+00
0.000000000000000000e+00
0.000000000000000000e+00
-1.125369999999999981e+00
0.000000000000000000e+00
-6.323729999999999629e-01
0.000000000000000000e+00
0.000000000000000000e+00
-5.825200000000000378e-01
-1.405160000000000020e-01
0.000000000000000000e+00
-1.039819999999999967e+00
0.000000000000000000e+00
-7.790690000000000115e-02
0.000000000000000000e+00
0.000000000000000000e+00
0.000000000000000000e+00
-5.825200000000000378e-01
0.000000000000000000e+00
-8.852060000000000484e-01
0.000000000000000000e+00
-1.523889999999999967e-01
0.000000000000000000e+00
0.000000000000000000e+00
0.000000000000000000e+00
-6.408650000000000180e-01
-4.259180000000000188e-01
0.000000000000000000e+00
0.000000000000000000e+00
3.850100000000000189e-01
-5.534400000000000430e-01
1.321269999999999945e-01
-7.635980000000000545e-02
0.000000000000000000e+00
0.000000000000000000e+00
-1.846300000000000052e+00
-3.399739999999999984e-01
-7.969950000000000090e-01
0.000000000000000000e+00
0.000000000000000000e+00
0.000000000000000000e+00
-7.010119999999999685e-01
-8.054660000000000153e-01
0.000000000000000000e+00
-8.215479999999999450e-01
-1.015189999999999981e-01
0.000000000000000000e+00
0.000000000000000000e+00
0.000000000000000000e+00
0.000000000000000000e+00
0.000000000000000000e+00
-1.462560000000000082e+00
0.000000000000000000e+00
-1.537069999999999936e+00
0.000000000000000000e+00
0.000000000000000000e+00
0.000000000000000000e+00
0.000000000000000000e+00
-3.340989999999999793e-01
-1.393099999999999894e-01
0.000000000000000000e+00
-5.825200000000000378e-01
0.000000000000000000e+00
0.000000000000000000e+00
0.000000000000000000e+00
-6.171039999999999859e-01
0.000000000000000000e+00
-7.123430000000000040e-02
-4.473400000000000154e-01
-5.736409999999999565e-01
0.000000000000000000e+00
0.000000000000000000e+00
-8.003719999999999724e-01
0.000000000000000000e+00
0.000000000000000000e+00
0.000000000000000000e+00
0.000000000000000000e+00
0.000000000000000000e+00
0.000000000000000000e+00
0.000000000000000000e+00
0.000000000000000000e+00
3.455690000000000150e-01
0.000000000000000000e+00
0.000000000000000000e+00
0.000000000000000000e+00
0.000000000000000000e+00
0.000000000000000000e+00
-9.212890000000000246e-01
-5.475149999999999739e-01
-2.930570000000000119e-01
0.000000000000000000e+00
0.000000000000000000e+00
0.000000000000000000e+00
0.000000000000000000e+00
-3.231660000000000088e-01
0.000000000000000000e+00
-2.736480000000000024e-01
0.000000000000000000e+00
