1.139679999999999999e-01
6.890260000000000273e-01
1.440839999999999899e-01
0.000000000000000000e+00
0.000000000000000000e+00
2.176349999999999951e-01
0.000000000000000000e+00
2.842290000000000094e-01
0.000000000000000000e+00
0.000000000000000000e+00
1.459119999999999862e-01
0.000000000000000000e+00
0.000000000000000000e+00
0.000000000000000000e+00
0.000000000000000000e+00
0.000000000000000000e+00
0.000000000000000000e+00
0.000000000000000000e+00
8.583000000000000351e-02
0.000000000000000000e+00
0.000000000000000000e+00
-1.097540000000000043e-01
0.000000000000000000e+00
0.000000000000000000e+00
0.000000000000000000e+00
1.997389999999999999e-01
-9.449230000000000129e-02
0.000000000000000000e+00
1.335679999999999923e-01
0.000000000000000000e+00
0.000000000000000000e+00
5.036419999999999786e-02
0.000000000000000000e+00
0.000000000000000000e+00
0.000000000000000000e+00
0.000000000000000000e+00
0.000000000000000000e+00
0.000000000000000000e+00
0.000000000000000000e+00
0.000000000000000000e+00
0.000000000000000000e+00
0.000000000000000000e+00
7.944039999999999990e-01
0.000000000000000000e+00
0.000000000000000000e+00
0.000000000000000000e+00
-5.985900000000000248e-02
0.000000000000000000e+00
0.000000000000000000e+00
7.526450000000000085e-01
0.000000000000000000e+00
0.000000000000000000e+00
1.071620000000000017e+00
9.862010000000000220e-02
8.208879999999999511e-01
-2.014670000000000072e-01
0.000000000000000000e+00
0.000000000000000000e+00
0.000000000000000000e+00
0.000000000000000000e+00
0.000000000000000000e+00
0.000000000000000000e+00
-5.845369999999999733e-02
1.343059999999999921e+00
0.000000000000000000e+00
-6.526119999999999838e-03
1.886099999999999999e-01
0.000000000000000000e+00
0.000000000000000000e+00
0.000000000000000000e+00
0.000000000000000000e+00
1.012270000000000003e+00
3.076119999999999965e-01
0.000000000000000000e+00
0.000000000000000000e+00
0.000000000000000000e+00
0.000000000000000000e+00
0.000000000000000000e+00
0.000000000000000000e+00
0.000000000000000000e+00
0.000000000000000000e+00
0.000000000000000000e+00
0.000000000000000000e+00
0.000000000000000000e+00
0.000000000000000000e+00
-1.720879999999999979e-02
0.000000000000000000e+00
0.000000000000000000e+00
0.000000000000000000e+00
0.000000000000000000e+00
0.000000000000000000e+00
0.000000000000000000e+00
0.000000000000000000e+00
0.000000000000000000e+00
1.930240000000000081e-02
0.000000000000000000e+00
0.000000000000000000e+00
0.000000000000000000e+00
0.000000000000000000e+00
0.000000000000000000e+00
0.000000000000000000e+00
0.000000000000000000e+00
0.000000000000000000e+00
6.510569999999999968e-01
3.090870000000000006e-01
0.000000000000000000e+00
0.000000000000000000e+00
2.878169999999999895e-01
0.000000000000000000e+00
0.000000000000000000e+00
0.000000000000000000e+00
0.000000000000000000e+00
-5.620730000000000171e-02
0.000000000000000000e+00
0.000000000000000000e+00
0.000000000000000000e+00
0.000000000000000000e+00
0.000000000000000000e+00
0.000000000000000000e+00
0.000000000000000000e+00
0.000000000000000000e+00
0.000000000000000000e+00
0.000000000000000000e+00
0.000000000000000000e+00
0.000000000000000000e+00
0.000000000000000000e+00
0.000000000000000000e+00
0.000000000000000000e+00
0.000000000000000000e+00
7.407740000000000158e-02
0.000000000000000000e+00
0.000000000000000000e+00
0.000000000000000000e+00
0.000000000000000000e+00
0.000000000000000000e+00
-1.082219999999999988e-01
0.000000000000000000e+00
0.000000000000000000e+00
0.000000000000000000e+00
0.000000000000000000e+00
0.000000000000000000e+00
0.000000000000000000e+00
0.000000000000000000e+00
0.000000000000000000e+00
0.000000000000000000e+00
3.293470000000000009e-01
4.515660000000000229e-01
0.000000000000000000e+00
0.000000000000000000e+00
0.000000000000000000e+00
0.000000000000000000e+00
2.566740000000000133e-01
0.000000000000000000e+00
-2.357520000000000102e-02
0.000000000000000000e+00
0.000000000000000000e+00
0.000000000000000000e+00
0.000000000000000000e+00
0.000000000000000000e+00
0.000000000000000000e+00
0.000000000000000000e+00
0.000000000000000000e+00
0.000000000000000000e+00
1.241649999999999920e+00
0.000000000000000000e+00
0.000000000000000000e+00
0.000000000000000000e+00
0.000000000000000000e+00
0.000000000000000000e+00
0.000000000000000000e+00
2.115269999999999928e-01
0.000000000000000000e+00
0.000000000000000000e+00
6.273589999999999896e-03
0.000000000000000000e+00
0.000000000000000000e+00
0.000000000000000000e+00
0.000000000000000000e+00
0.000000000000000000e+00
3.144799999999999818e-01
0.000000000000000000e+00
0.000000000000000000e+00
0.000000000000000000e+00
0.000000000000000000e+00
0.000000000000000000e+00
0.000000000000000000e+00
0.000000000000000000e+00
0.000000000000000000e+00
0.000000000000000000e+00
0.000000000000000000e+00
0.000000000000000000e+00
0.000000000000000000e+00
0.000000000000000000e+00
0.000000000000000000e+00
0.000000000000000000e+00
0.000000000000000000e+00
0.000000000000000000e+00
6.127889999999999726e-02
0.000000000000000000e+00
0.000000000000000000e+00
0.000000000000000000e+00
3.741189999999999793e-01
0.000000000000000000e+00
0.000000000000000000e+00
-3.468530000000000224e-01
6.864289999999999559e-01
0.000000000000000000e+00
0.000000000000000000e+00
0.000000000000000000e+00
0.000000000000000000e+00
0.000000000000000000e+00
0.000000000000000000e+00
0.000000000000000000e+00
0.000000000000000000e+00
0.000000000000000000e+00
0.000000000000000000e+00
0.000000000000000000e+00
-3.254610000000000142e-02
0.000000000000000000e+00
0.000000000000000000e+00
0.000000000000000000e+00
0.000000000000000000e+00
0.000000000000000000e+00
-9.901569999999999538e-01
0.000000000000000000e+00
0.000000000000000000e+00
0.000000000000000000e+00
0.000000000000000000e+00
0.000000000000000000e+00
0.000000000000000000e+00
0.000000000000000000e+00
0.000000000000000000e+00
0.000000000000000000e+00
8.082849999999999757e-02
0.000000000000000000e+00
0.000000000000000000e+00
0.000000000000000000e+00
0.000000000000000000e+00
0.000000000000000000e+00
0.000000000000000000e+00
0.000000000000000000e+00
0.000000000000000000e+00
0.000000000000000000e+00
0.000000000000000000e+00
0.000000000000000000e+00
0.000000000000000000e+00
0.000000000000000000e+00
0.000000000000000000e+00
0.000000000000000000e+00
0.000000000000000000e+00
3.417279999999999762e-01
9.088770000000000182e-02
2.022889999999999966e-01
0.000000000000000000e+00
7.631870000000000320e-02
0.000000000000000000e+00
0.000000000000000000e+00
0.000000000000000000e+00
4.678780000000000161e-01
1.606589999999999963e-01
0.000000000000000000e+00
4.174479999999999857e-01
4.229339999999999766e-01
4.136929999999999774e-01
3.968249999999999833e-01
2.895779999999999882e-02
5.194239999999999968e-01
0.000000000000000000e+00
0.000000000000000000e+00
1.306990000000000096e-01
0.000000000000000000e+00
0.000000000000000000e+00
2.625020000000000131e-02
0.000000000000000000e+00
0.000000000000000000e+00
9.322390000000000398e-01
0.000000000000000000e+00
0.000000000000000000e+00
1.885920000000000096e-01
0.000000000000000000e+00
-1.470370000000000010e-01
0.000000000000000000e+00
2.499230000000000063e-01
9.161839999999999984e-01
5.757919999999999705e-01
0.000000000000000000e+00
0.000000000000000000e+00
0.000000000000000000e+00
0.000000000000000000e+00
0.000000000000000000e+00
0.000000000000000000e+00
0.000000000000000000e+00
0.000000000000000000e+00
0.000000000000000000e+00
6.889440000000000008e-01
0.000000000000000000e+00
0.000000000000000000e+00
0.000000000000000000e+00
0.000000000000000000e+00
6.832529999999999992e-01
0.000000000000000000e+00
0.000000000000000000e+00
0.000000000000000000e+00
1.111080000000000068e+00
-3.699819999999999776e-01
1.643420000000000103e+00
1.733619999999999883e-01
0.000000000000000000e+00
0.000000000000000000e+00
7.501189999999999802e-01
0.000000000000000000e+00
0.000000000000000000e+00
0.000000000000000000e+00
5.757189999999999808e-01
0.000000000000000000e+00
0.000000000000000000e+00
0.000000000000000000e+00
0.000000000000000000e+00
0.000000000000000000e+00
3.139219999999999788e-01
0.000000000000000000e+00
2.470330000000000026e-01
0.000000000000000000e+00
6.765379999999999727e-01
0.000000000000000000e+00
0.000000000000000000e+00
4.502669999999999728e-01
-1.636199999999999877e-01
0.000000000000000000e+00
9.067800000000000304e-01
0.000000000000000000e+00
0.000000000000000000e+00
0.000000000000000000e+00
0.000000000000000000e+00
0.000000000000000000e+00
3.123400000000000065e-01
0.000000000000000000e+00
0.000000000000000000e+00
0.000000000000000000e+00
4.219609999999999750e-01
0.000000000000000000e+00
0.000000000000000000e+00
0.000000000000000000e+00
4.723519999999999941e-01
0.000000000000000000e+00
8.546890000000000043e-02
0.000000000000000000e+00
0.000000000000000000e+00
0.000000000000000000e+00
0.000000000000000000e+00
7.370290000000000452e-01
0.000000000000000000e+00
9.918400000000000549e-01
0.000000000000000000e+00
0.000000000000000000e+00
8.222559999999999869e-01
0.000000000000000000e+00
0.000000000000000000e+00
2.870059999999999834e-01
0.000000000000000000e+00
0.000000000000000000e+00
0.000000000000000000e+00
0.000000000000000000e+00
0.000000000000000000e+00
0.000000000000000000e+00
0.000000000000000000e+00
0.000000000000000000e+00
0.000000000000000000e+00
0.000000000000000000e+00
0.000000000000000000e+00
2.724010000000000042e-01
0.000000000000000000e+00
1.234650000000000025e+00
0.000000000000000000e+00
0.000000000000000000e+00
0.000000000000000000e+00
0.000000000000000000e+00
0.000000000000000000e+00
0.000000000000000000e+00
-5.602460000000000079e-02
-1.656829999999999969e-01
-4.864519999999999955e-02
0.000000000000000000e+00
0.000000000000000000e+00
0.000000000000000000e+00
0.000000000000000000e+00
0.000000000000000000e+00
0.000000000000000000e+00
0.000000000000000000e+00
0.000000000000000000e+00
0.000000000000000000e+00
5.090759999999999730e-01
2.745819999999999927e-01
0.000000000000000000e+00
0.000000000000000000e+00
0.000000000000000000e+00
8.784800000000000386e-01
4.929889999999999967e-02
0.000000000000000000e+00
0.000000000000000000e+00
0.000000000000000000e+00
0.000000000000000000e+00
0.000000000000000000e+00
5.342609999999999859e-01
9.506679999999999575e-01
-1.662869999999999904e-01
0.000000000000000000e+00
4.182819999999999871e-01
3.010369999999999990e-01
0.000000000000000000e+00
-5.603620000000000267e-01
4.073349999999999888e-02
7.738969999999999461e-01
0.000000000000000000e+00
8.797719999999999985e-01
1.520199999999999885e-01
0.000000000000000000e+00
1.308259999999999978e-01
-1.535990000000000133e-01
0.000000000000000000e+00
0.000000000000000000e+00
0.000000000000000000e+00
0.000000000000000000e+00
0.000000000000000000e+00
0.000000000000000000e+00
0.000000000000000000e+00
3.101459999999999773e-01
0.000000000000000000e+00
0.000000000000000000e+00
0.000000000000000000e+00
0.000000000000000000e+00
0.000000000000000000e+00
0.000000000000000000e+00
0.000000000000000000e+00
0.000000000000000000e+00
-8.178629999999999234e-03
0.000000000000000000e+00
0.000000000000000000e+00
0.000000000000000000e+00
2.156470000000000053e-01
0.000000000000000000e+00
0.000000000000000000e+00
3.078690000000000038e-01
0.000000000000000000e+00
6.852369999999999850e-01
0.000000000000000000e+00
3.052020000000000232e-04
1.083210000000000006e+00
0.000000000000000000e+00
0.000000000000000000e+00
0.000000000000000000e+00
0.000000000000000000e+00
2.464729999999999976e-01
0.000000000000000000e+00
0.000000000000000000e+00
2.213380000000000070e-01
0.000000000000000000e+00
2.765240000000000059e-02
-3.337339999999999751e-01
6.800650000000000306e-01
0.000000000000000000e+00
0.000000000000000000e+00
0.000000000000000000e+00
0.000000000000000000e+00
8.594480000000000175e-02
0.000000000000000000e+00
0.000000000000000000e+00
0.000000000000000000e+00
0.000000000000000000e+00
0.000000000000000000e+00
0.000000000000000000e+00
0.000000000000000000e+00
0.000000000000000000e+00
0.000000000000000000e+00
0.000000000000000000e+00
0.000000000000000000e+00
0.000000000000000000e+00
0.000000000000000000e+00
0.000000000000000000e+00
0.000000000000000000e+00
0.000000000000000000e+00
0.000000000000000000e+00
0.000000000000000000e+00
0.000000000000000000e+00
0.000000000000000000e+00
0.000000000000000000e+00
0.000000000000000000e+00
0.000000000000000000e+00
-1.116830000000000045e-01
0.000000000000000000e+00
0.000000000000000000e+00
-2.915849999999999831e-01
0.000000000000000000e+00
0.000000000000000000e+00
0.000000000000000000e+00
0.000000000000000000e+00
0.000000000000000000e+00
-7.523020000000000054e-03
0.000000000000000000e+00
0.000000000000000000e+00
0.000000000000000000e+00
-1.225750000000000034e-01
-2.939490000000000158e-01
0.000000000000000000e+00
-3.251149999999999873e-02
0.000000000000000000e+00
0.000000000000000000e+00
0.000000000000000000e+00
0.000000000000000000e+00
0.000000000000000000e+00
-1.413320000000000132e-01
0.000000000000000000e+00
-2.426679999999999948e-01
0.000000000000000000e+00
0.000000000000000000e+00
-1.173270000000000042e-02
0.000000000000000000e+00
-8.572050000000000503e-02
0.000000000000000000e+00
1.479300000000000059e+00
0.000000000000000000e+00
0.000000000000000000e+00
0.000000000000000000e+00
-1.659200000000000119e-01
0.000000000000000000e+00
0.000000000000000000e+00
0.000000000000000000e+00
0.000000000000000000e+00
0.000000000000000000e+00
0.000000000000000000e+00
0.000000000000000000e+00
-4.831850000000000034e-02
0.000000000000000000e+00
-3.112619999999999831e-01
0.000000000000000000e+00
0.000000000000000000e+00
0.000000000000000000e+00
-9.501569999999999461e-02
0.000000000000000000e+00
0.000000000000000000e+00
0.000000000000000000e+00
0.000000000000000000e+00
-3.317660000000000053e-01
0.000000000000000000e+00
0.000000000000000000e+00
0.000000000000000000e+00
0.000000000000000000e+00
-9.879860000000000031e-02
0.000000000000000000e+00
0.000000000000000000e+00
0.000000000000000000e+00
0.000000000000000000e+00
0.000000000000000000e+00
-4.435629999999999851e-01
-5.226410000000000222e-01
-1.342630000000000039e-02
2.614679999999999782e-01
0.000000000000000000e+00
0.000000000000000000e+00
-3.018540000000000112e-01
0.000000000000000000e+00
-1.315309999999999979e+00
0.000000000000000000e+00
0.000000000000000000e+00
-3.236050000000000038e-02
0.000000000000000000e+00
0.000000000000000000e+00
-9.591959999999999376e-02
-1.552149999999999919e-01
-9.383439999999999837e-02
0.000000000000000000e+00
0.000000000000000000e+00
0.000000000000000000e+00
-4.462960000000000260e-01
-7.527270000000000350e-01
0.000000000000000000e+00
-6.364600000000000257e-01
0.000000000000000000e+00
0.000000000000000000e+00
0.000000000000000000e+00
0.000000000000000000e+00
0.000000000000000000e+00
0.000000000000000000e+00
0.000000000000000000e+00
0.000000000000000000e+00
0.000000000000000000e+00
0.000000000000000000e+00
0.000000000000000000e+00
0.000000000000000000e+00
0.000000000000000000e+00
0.000000000000000000e+00
-2.941639999999999810e-01
0.000000000000000000e+00
0.000000000000000000e+00
-1.534349999999999881e-01
0.000000000000000000e+00
0.000000000000000000e+00
0.000000000000000000e+00
0.000000000000000000e+00
-2.981949999999999878e-01
0.000000000000000000e+00
-3.154959999999999987e-01
-6.472949999999999537e-02
-2.237699999999999967e-01
0.000000000000000000e+00
0.000000000000000000e+00
0.000000000000000000e+00
0.000000000000000000e+00
0.000000000000000000e+00
-6.474199999999999955e-01
0.000000000000000000e+00
7.008929999999999882e-01
0.000000000000000000e+00
0.000000000000000000e+00
0.000000000000000000e+00
0.000000000000000000e+00
0.000000000000000000e+00
0.000000000000000000e+00
0.000000000000000000e+00
-1.378019999999999939e-02
0.000000000000000000e+00
0.000000000000000000e+00
0.000000000000000000e+00
-8.519649999999999723e-01
-2.522909999999999875e-01
0.000000000000000000e+00
0.000000000000000000e+00
0.000000000000000000e+00
0.000000000000000000e+00
-6.340930000000000177e-01
0.000000000000000000e+00
0.000000000000000000e+00
0.000000000000000000e+00
-6.008559999999999457e-01
0.000000000000000000e+00
0.000000000000000000e+00
0.000000000000000000e+00
0.000000000000000000e+00
0.000000000000000000e+00
1.112179999999999946e+00
-2.031139999999999890e-01
0.000000000000000000e+00
0.000000000000000000e+00
0.000000000000000000e+00
-1.680129999999999957e-01
0.000000000000000000e+00
-3.006779999999999869e-02
0.000000000000000000e+00
0.000000000000000000e+00
0.000000000000000000e+00
0.000000000000000000e+00
0.000000000000000000e+00
0.000000000000000000e+00
0.000000000000000000e+00
0.000000000000000000e+00
0.000000000000000000e+00
0.000000000000000000e+00
4.122080000000000188e-01
0.000000000000000000e+00
0.000000000000000000e+00
0.000000000000000000e+00
0.000000000000000000e+00
-5.074670000000000014e-01
0.000000000000000000e+00
-1.562699999999999922e-01
-3.105089999999999795e-01
0.000000000000000000e+00
0.000000000000000000e+00
0.000000000000000000e+00
0.000000000000000000e+00
-3.712500000000000244e-01
-4.375109999999999832e-01
1.954200000000000104e-01
0.000000000000000000e+00
0.000000000000000000e+00
-1.455620000000000004e-02
0.000000000000000000e+00
1.979420000000000138e-02
0.000000000000000000e+00
-1.245369999999999984e-02
0.000000000000000000e+00
0.000000000000000000e+00
0.000000000000000000e+00
0.000000000000000000e+00
-1.077150000000000052e-01
0.000000000000000000e+00
0.000000000000000000e+00
9.765380000000000171e-01
0.000000000000000000e+00
0.000000000000000000e+00
0.000000000000000000e+00
0.000000000000000000e+00
0.000000000000000000e+00
0.000000000000000000e+00
0.000000000000000000e+00
0.000000000000000000e+00
0.000000000000000000e+00
0.000000000000000000e+00
0.000000000000000000e+00
0.000000000000000000e+00
0.000000000000000000e+00
0.000000000000000000e+00
0.000000000000000000e+00
0.000000000000000000e+00
-8.101849999999999330e-02
-6.810750000000000137e-02
0.000000000000000000e+00
0.000000000000000000e+00
0.000000000000000000e+00
0.000000000000000000e+00
0.000000000000000000e+00
-1.146900000000000031e+00
0.000000000000000000e+00
0.000000000000000000e+00
-4.495620000000000172e-01
-5.488799999999999929e-02
0.000000000000000000e+00
0.000000000000000000e+00
0.000000000000000000e+00
0.000000000000000000e+00
0.000000000000000000e+00
0.000000000000000000e+00
0.000000000000000000e+00
0.000000000000000000e+00
0.000000000000000000e+00
0.000000000000000000e+00
0.000000000000000000e+00
0.000000000000000000e+00
0.000000000000000000e+00
0.000000000000000000e+00
0.000000000000000000e+00
0.000000000000000000e+00
0.000000000000000000e+00
-2.417229999999999934e-01
2.485469999999999902e-01
0.000000000000000000e+00
-1.388689999999999924e-01
0.000000000000000000e+00
1.605969999999999898e-01
0.000000000000000000e+00
-3.420909999999999784e-01
0.000000000000000000e+00
0.000000000000000000e+00
0.000000000000000000e+00
0.000000000000000000e+00
0.000000000000000000e+00
-2.752809999999999979e-01
0.000000000000000000e+00
0.000000000000000000e+00
5.004619999999999624e-01
0.000000000000000000e+00
0.000000000000000000e+00
0.000000000000000000e+00
0.000000000000000000e+00
0.000000000000000000e+00
0.000000000000000000e+00
0.000000000000000000e+00
0.000000000000000000e+00
0.000000000000000000e+00
0.000000000000000000e+00
0.000000000000000000e+00
0.000000000000000000e+00
0.000000000000000000e+00
0.000000000000000000e+00
0.000000000000000000e+00
0.000000000000000000e+00
0.000000000000000000e+00
0.000000000000000000e+00
0.000000000000000000e+00
0.000000000000000000e+00
0.000000000000000000e+00
0.000000000000000000e+00
0.000000000000000000e+00
0.000000000000000000e+00
0.000000000000000000e+00
0.000000000000000000e+00
-2.992909999999999737e-01
0.000000000000000000e+00
0.000000000000000000e+00
4.881619999999999848e-01
0.000000000000000000e+00
0.000000000000000000e+00
0.000000000000000000e+00
0.000000000000000000e+00
0.000000000000000000e+00
0.000000000000000000e+00
0.000000000000000000e+00
5.643280000000000518e-01
0.000000000000000000e+00
0.000000000000000000e+00
0.000000000000000000e+00
0.000000000000000000e+00
0.000000000000000000e+00
0.000000000000000000e+00
-2.241499999999999881e-01
-5.024839999999999862e-02
-5.902079999999999826e-02
0.000000000000000000e+00
0.000000000000000000e+00
0.000000000000000000e+00
0.000000000000000000e+00
0.000000000000000000e+00
0.000000000000000000e+00
0.000000000000000000e+00
0.000000000000000000e+00
0.000000000000000000e+00
0.000000000000000000e+00
0.000000000000000000e+00
0.000000000000000000e+00
0.000000000000000000e+00
-2.093099999999999961e-01
0.000000000000000000e+00
0.000000000000000000e+00
0.000000000000000000e+00
0.000000000000000000e+00
-1.540429999999999966e+00
0.000000000000000000e+00
0.000000000000000000e+00
0.000000000000000000e+00
0.000000000000000000e+00
0.000000000000000000e+00
0.000000000000000000e+00
3.896540000000000004e-01
0.000000000000000000e+00
0.000000000000000000e+00
5.192920000000000175e-03
1.027519999999999989e+00
0.000000000000000000e+00
0.000000000000000000e+00
0.000000000000000000e+00
0.000000000000000000e+00
0.000000000000000000e+00
0.000000000000000000e+00
0.000000000000000000e+00
0.000000000000000000e+00
0.000000000000000000e+00
0.000000000000000000e+00
0.000000000000000000e+00
0.000000000000000000e+00
0.000000000000000000e+00
1.171439999999999981e-01
0.000000000000000000e+00
0.000000000000000000e+00
0.000000000000000000e+00
0.000000000000000000e+00
0.000000000000000000e+00
0.000000000000000000e+00
-5.626560000000000450e-01
0.000000000000000000e+00
0.000000000000000000e+00
9.553889999999999605e-02
0.000000000000000000e+00
0.000000000000000000e+00
0.000000000000000000e+00
0.000000000000000000e+00
-3.531909999999999772e-01
0.000000000000000000e+00
-2.606840000000000268e-01
0.000000000000000000e+00
0.000000000000000000e+00
0.000000000000000000e+00
0.000000000000000000e+00
0.000000000000000000e+00
0.000000000000000000e+00
0.000000000000000000e+00
0.000000000000000000e+00
0.000000000000000000e+00
0.000000000000000000e+00
0.000000000000000000e+00
0.000000000000000000e+00
0.000000000000000000e+00
0.000000000000000000e+00
0.000000000000000000e+00
0.000000000000000000e+00
0.000000000000000000e+00
0.000000000000000000e+00
0.000000000000000000e+00
0.000000000000000000e+00
0.000000000000000000e+00
0.000000000000000000e+00
0.000000000000000000e+00
0.000000000000000000e+00
0.000000000000000000e+00
0.000000000000000000e+00
0.000000000000000000e+00
0.000000000000000000e+00
0.000000000000000000e+00
0.000000000000000000e+00
0.000000000000000000e+00
0.000000000000000000e+00
0.000000000000000000e+00
0.000000000000000000e+00
0.000000000000000000e+00
0.000000000000000000e+00
0.000000000000000000e+00
0.000000000000000000e+00
0.000000000000000000e+00
0.000000000000000000e+00
0.000000000000000000e+00
0.000000000000000000e+00
0.000000000000000000e+00
0.000000000000000000e+00
0.000000000000000000e+00
0.000000000000000000e+00
0.000000000000000000e+00
0.000000000000000000e+00
0.000000000000000000e+00
0.000000000000000000e+00
0.000000000000000000e+00
0.000000000000000000e+00
0.000000000000000000e+00
0.000000000000000000e+00
-1.102920000000000011e-01
2.255489999999999995e-01
1.056860000000000022e-01
0.000000000000000000e+00
0.000000000000000000e+00
0.000000000000000000e+00
0.000000000000000000e+00
0.000000000000000000e+00
0.000000000000000000e+00
0.000000000000000000e+00
0.000000000000000000e+00
0.000000000000000000e+00
0.000000000000000000e+00
0.000000000000000000e+00
0.000000000000000000e+00
0.000000000000000000e+00
0.000000000000000000e+00
0.000000000000000000e+00
0.000000000000000000e+00
0.000000000000000000e+00
0.000000000000000000e+00
0.000000000000000000e+00
0.000000000000000000e+00
0.000000000000000000e+00
0.000000000000000000e+00
0.000000000000000000e+00
0.000000000000000000e+00
0.000000000000000000e+00
0.000000000000000000e+00
0.000000000000000000e+00
0.000000000000000000e+00
0.000000000000000000e+00
0.000000000000000000e+00
0.000000000000000000e+00
0.000000000000000000e+00
0.000000000000000000e+00
0.000000000000000000e+00
0.000000000000000000e+00
0.000000000000000000e+00
0.000000000000000000e+00
0.000000000000000000e+00
0.000000000000000000e+00
0.000000000000000000e+00
0.000000000000000000e+00
0.000000000000000000e+00
0.000000000000000000e+00
0.000000000000000000e+00
0.000000000000000000e+00
0.000000000000000000e+00
-6.249400000000000094e-02
0.000000000000000000e+00
-5.044990000000000308e-01
-8.654130000000000156e-02
0.000000000000000000e+00
0.000000000000000000e+00
0.000000000000000000e+00
0.000000000000000000e+00
0.000000000000000000e+00
0.000000000000000000e+00
0.000000000000000000e+00
0.000000000000000000e+00
0.000000000000000000e+00
3.856660000000000088e-01
0.000000000000000000e+00
0.000000000000000000e+00
0.000000000000000000e+00
0.000000000000000000e+00
0.000000000000000000e+00
-4.555839999999999890e-01
0.000000000000000000e+00
0.000000000000000000e+00
0.000000000000000000e+00
0.000000000000000000e+00
0.000000000000000000e+00
0.000000000000000000e+00
0.000000000000000000e+00
0.000000000000000000e+00
0.000000000000000000e+00
0.000000000000000000e+00
0.000000000000000000e+00
0.000000000000000000e+00
0.000000000000000000e+00
0.000000000000000000e+00
-7.850439999999999641e-01
-4.375519999999999965e-01
6.636649999999999494e-02
-1.748929999999999929e-01
-1.804510000000000003e-01
0.000000000000000000e+00
6.930260000000000309e-01
0.000000000000000000e+00
0.000000000000000000e+00
0.000000000000000000e+00
0.000000000000000000e+00
0.000000000000000000e+00
0.000000000000000000e+00
0.000000000000000000e+00
0.000000000000000000e+00
0.000000000000000000e+00
-1.247140000000000054e-01
0.000000000000000000e+00
0.000000000000000000e+00
0.000000000000000000e+00
-9.793860000000000066e-02
4.768720000000000181e-01
0.000000000000000000e+00
0.000000000000000000e+00
0.000000000000000000e+00
3.170989999999999920e-02
0.000000000000000000e+00
0.000000000000000000e+00
0.000000000000000000e+00
0.000000000000000000e+00
0.000000000000000000e+00
0.000000000000000000e+00
0.000000000000000000e+00
0.000000000000000000e+00
2.887149999999999994e-01
0.000000000000000000e+00
0.000000000000000000e+00
0.000000000000000000e+00
0.000000000000000000e+00
-5.796559999999999491e-01
0.000000000000000000e+00
0.000000000000000000e+00
1.406570000000000042e-01
-1.023899999999999949e-01
0.000000000000000000e+00
0.000000000000000000e+00
0.000000000000000000e+00
0.000000000000000000e+00
0.000000000000000000e+00
0.000000000000000000e+00
0.000000000000000000e+00
0.000000000000000000e+00
0.000000000000000000e+00
0.000000000000000000e+00
0.000000000000000000e+00
0.000000000000000000e+00
-4.857620000000000271e-01
0.000000000000000000e+00
0.000000000000000000e+00
0.000000000000000000e+00
0.000000000000000000e+00
0.000000000000000000e+00
0.000000000000000000e+00
0.000000000000000000e+00
0.000000000000000000e+00
0.000000000000000000e+00
5.169100000000000084e-02
0.000000000000000000e+00
0.000000000000000000e+00
0.000000000000000000e+00
0.000000000000000000e+00
0.000000000000000000e+00
0.000000000000000000e+00
0.000000000000000000e+00
0.000000000000000000e+00
0.000000000000000000e+00
0.000000000000000000e+00
0.000000000000000000e+00
0.000000000000000000e+00
0.000000000000000000e+00
0.000000000000000000e+00
0.000000000000000000e+00
0.000000000000000000e+00
0.000000000000000000e+00
0.000000000000000000e+00
0.000000000000000000e+00
0.000000000000000000e+00
0.000000000000000000e+00
0.000000000000000000e+00
0.000000000000000000e+00
0.000000000000000000e+00
0.000000000000000000e+00
0.000000000000000000e+00
7.256490000000000162e-02
0.000000000000000000e+00
0.000000000000000000e+00
0.000000000000000000e+00
0.000000000000000000e+00
0.000000000000000000e+00
1.384670000000000067e-01
1.999730000000000008e+00
0.000000000000000000e+00
0.000000000000000000e+00
0.000000000000000000e+00
0.000000000000000000e+00
0.000000000000000000e+00
0.000000000000000000e+00
0.000000000000000000e+00
0.000000000000000000e+00
0.000000000000000000e+00
0.000000000000000000e+00
0.000000000000000000e+00
0.000000000000000000e+00
0.000000000000000000e+00
0.000000000000000000e+00
0.000000000000000000e+00
0.000000000000000000e+00
0.000000000000000000e+00
0.000000000000000000e+00
0.000000000000000000e+00
0.000000000000000000e+00
0.000000000000000000e+00
0.000000000000000000e+00
0.000000000000000000e+00
1.549479999999999968e+00
0.000000000000000000e+00
5.300049999999999484e-01
0.000000000000000000e+00
0.000000000000000000e+00
0.000000000000000000e+00
0.000000000000000000e+00
0.000000000000000000e+00
0.000000000000000000e+00
0.000000000000000000e+00
0.000000000000000000e+00
0.000000000000000000e+00
0.000000000000000000e+00
0.000000000000000000e+00
0.000000000000000000e+00
8.285310000000000175e-01
0.000000000000000000e+00
0.000000000000000000e+00
0.000000000000000000e+00
0.000000000000000000e+00
0.000000000000000000e+00
0.000000000000000000e+00
0.000000000000000000e+00
0.000000000000000000e+00
7.432919999999999527e-01
0.000000000000000000e+00
0.000000000000000000e+00
4.485560000000000103e-01
0.000000000000000000e+00
0.000000000000000000e+00
0.000000000000000000e+00
0.000000000000000000e+00
0.000000000000000000e+00
0.000000000000000000e+00
0.000000000000000000e+00
0.000000000000000000e+00
0.000000000000000000e+00
0.000000000000000000e+00
3.593110000000000054e-02
0.000000000000000000e+00
0.000000000000000000e+00
0.000000000000000000e+00
0.000000000000000000e+00
0.000000000000000000e+00
0.000000000000000000e+00
0.000000000000000000e+00
0.000000000000000000e+00
0.000000000000000000e+00
0.000000000000000000e+00
0.000000000000000000e+00
0.000000000000000000e+00
-4.144019999999999926e-01
0.000000000000000000e+00
0.000000000000000000e+00
0.000000000000000000e+00
0.000000000000000000e+00
0.000000000000000000e+00
0.000000000000000000e+00
0.000000000000000000e+00
0.000000000000000000e+00
-5.028190000000000159e-01
0.000000000000000000e+00
0.000000000000000000e+00
0.000000000000000000e+00
0.000000000000000000e+00
0.000000000000000000e+00
-2.935969999999999969e-01
0.000000000000000000e+00
-7.314710000000000656e-02
0.000000000000000000e+00
6.848119999999999763e-01
0.000000000000000000e+00
0.000000000000000000e+00
0.000000000000000000e+00
0.000000000000000000e+00
0.000000000000000000e+00
0.000000000000000000e+00
0.000000000000000000e+00
0.000000000000000000e+00
0.000000000000000000e+00
0.000000000000000000e+00
-7.977819999999999911e-01
0.000000000000000000e+00
0.000000000000000000e+00
0.000000000000000000e+00
0.000000000000000000e+00
-6.379350000000000298e-02
0.000000000000000000e+00
0.000000000000000000e+00
0.000000000000000000e+00
0.000000000000000000e+00
