-1.961600000000000010e-01
1.536949999999999983e-01
2.697010000000000032e-02
0.000000000000000000e+00
0.000000000000000000e+00
5.054600000000000204e-01
0.000000000000000000e+00
0.000000000000000000e+00
1.560469999999999913e-01
0.000000000000000000e+00
0.000000000000000000e+00
0.000000000000000000e+00
0.000000000000000000e+00
0.000000000000000000e+00
0.000000000000000000e+00
0.000000000000000000e+00
0.000000000000000000e+00
0.000000000000000000e+00
0.000000000000000000e+00
0.000000000000000000e+00
0.000000000000000000e+00
-1.266990000000000061e-01
5.638330000000000286e-01
0.000000000000000000e+00
0.000000000000000000e+00
1.956060000000000021e-01
0.000000000000000000e+00
0.000000000000000000e+00
0.000000000000000000e+00
7.224699999999999456e-01
7.359639999999999516e-01
6.705950000000000522e-01
0.000000000000000000e+00
0.000000000000000000e+00
2.477679999999999882e-01
0.000000000000000000e+00
0.000000000000000000e+00
5.073680000000000412e-01
0.000000000000000000e+00
0.000000000000000000e+00
0.000000000000000000e+00
0.000000000000000000e+00
7.208059999999999468e-01
-3.795169999999999932e-01
0.000000000000000000e+00
0.000000000000000000e+00
0.000000000000000000e+00
2.738940000000000263e-01
0.000000000000000000e+00
5.802709999999999813e-01
0.000000000000000000e+00
0.000000000000000000e+00
3.114529999999999799e-01
0.000000000000000000e+00
1.212970000000000104e+00
0.000000000000000000e+00
0.000000000000000000e+00
0.000000000000000000e+00
3.195370000000000155e-01
0.000000000000000000e+00
0.000000000000000000e+00
0.000000000000000000e+00
2.396850000000000092e-01
9.793380000000000418e-01
0.000000000000000000e+00
4.200139999999999985e-01
0.000000000000000000e+00
-1.485019999999999951e-01
0.000000000000000000e+00
0.000000000000000000e+00
0.000000000000000000e+00
9.638219999999999565e-01
6.153600000000000042e-02
0.000000000000000000e+00
-2.986260000000000026e-01
1.868930000000000036e-01
0.000000000000000000e+00
0.000000000000000000e+00
0.000000000000000000e+00
0.000000000000000000e+00
3.423149999999999804e-01
0.000000000000000000e+00
0.000000000000000000e+00
0.000000000000000000e+00
0.000000000000000000e+00
-3.589230000000000198e-02
0.000000000000000000e+00
0.000000000000000000e+00
0.000000000000000000e+00
0.000000000000000000e+00
0.000000000000000000e+00
0.000000000000000000e+00
0.000000000000000000e+00
0.000000000000000000e+00
3.570479999999999765e-01
0.000000000000000000e+00
0.000000000000000000e+00
0.000000000000000000e+00
0.000000000000000000e+00
0.000000000000000000e+00
0.000000000000000000e+00
0.000000000000000000e+00
0.000000000000000000e+00
0.000000000000000000e+00
0.000000000000000000e+00
0.000000000000000000e+00
0.000000000000000000e+00
1.689039999999999986e-01
0.000000000000000000e+00
0.000000000000000000e+00
0.000000000000000000e+00
0.000000000000000000e+00
-2.008089999999999875e-01
0.000000000000000000e+00
0.000000000000000000e+00
0.000000000000000000e+00
0.000000000000000000e+00
0.000000000000000000e+00
0.000000000000000000e+00
0.000000000000000000e+00
0.000000000000000000e+00
0.000000000000000000e+00
0.000000000000000000e+00
0.000000000000000000e+00
0.000000000000000000e+00
0.000000000000000000e+00
-5.791600000000000081e-01
6.701989999999999892e-01
0.000000000000000000e+00
1.349019999999999941e-01
0.000000000000000000e+00
0.000000000000000000e+00
0.000000000000000000e+00
0.000000000000000000e+00
0.000000000000000000e+00
0.000000000000000000e+00
0.000000000000000000e+00
0.000000000000000000e+00
0.000000000000000000e+00
0.000000000000000000e+00
0.000000000000000000e+00
0.000000000000000000e+00
0.000000000000000000e+00
0.000000000000000000e+00
0.000000000000000000e+00
0.000000000000000000e+00
4.733680000000000110e-01
0.000000000000000000e+00
0.000000000000000000e+00
0.000000000000000000e+00
0.000000000000000000e+00
2.009769999999999890e-01
0.000000000000000000e+00
0.000000000000000000e+00
0.000000000000000000e+00
0.000000000000000000e+00
0.000000000000000000e+00
0.000000000000000000e+00
0.000000000000000000e+00
0.000000000000000000e+00
0.000000000000000000e+00
0.000000000000000000e+00
0.000000000000000000e+00
0.000000000000000000e+00
-2.473539999999999905e-01
0.000000000000000000e+00
0.000000000000000000e+00
0.000000000000000000e+00
0.000000000000000000e+00
0.000000000000000000e+00
4.434699999999999753e-01
0.000000000000000000e+00
0.000000000000000000e+00
-4.135880000000000112e-01
0.000000000000000000e+00
0.000000000000000000e+00
0.000000000000000000e+00
0.000000000000000000e+00
0.000000000000000000e+00
0.000000000000000000e+00
0.000000000000000000e+00
0.000000000000000000e+00
0.000000000000000000e+00
0.000000000000000000e+00
0.000000000000000000e+00
0.000000000000000000e+00
0.000000000000000000e+00
0.000000000000000000e+00
0.000000000000000000e+00
0.000000000000000000e+00
0.000000000000000000e+00
0.000000000000000000e+00
8.522469999999999768e-01
0.000000000000000000e+00
0.000000000000000000e+00
0.000000000000000000e+00
0.000000000000000000e+00
0.000000000000000000e+00
1.487189999999999901e-01
0.000000000000000000e+00
0.000000000000000000e+00
1.223420000000000063e-01
0.000000000000000000e+00
0.000000000000000000e+00
-6.744329999999999770e-02
0.000000000000000000e+00
0.000000000000000000e+00
-2.703949999999999965e-01
1.186590000000000006e-01
0.000000000000000000e+00
0.000000000000000000e+00
0.000000000000000000e+00
0.000000000000000000e+00
0.000000000000000000e+00
1.896249999999999880e-01
0.000000000000000000e+00
0.000000000000000000e+00
-3.201740000000000141e-01
0.000000000000000000e+00
0.000000000000000000e+00
0.000000000000000000e+00
0.000000000000000000e+00
0.000000000000000000e+00
0.000000000000000000e+00
0.000000000000000000e+00
0.000000000000000000e+00
0.000000000000000000e+00
0.000000000000000000e+00
0.000000000000000000e+00
0.000000000000000000e+00
0.000000000000000000e+00
0.000000000000000000e+00
0.000000000000000000e+00
1.177100000000000035e+00
2.016840000000000022e-01
0.000000000000000000e+00
0.000000000000000000e+00
0.000000000000000000e+00
0.000000000000000000e+00
0.000000000000000000e+00
0.000000000000000000e+00
0.000000000000000000e+00
0.000000000000000000e+00
0.000000000000000000e+00
0.000000000000000000e+00
0.000000000000000000e+00
0.000000000000000000e+00
0.000000000000000000e+00
0.000000000000000000e+00
0.000000000000000000e+00
0.000000000000000000e+00
0.000000000000000000e+00
4.227899999999999991e-01
0.000000000000000000e+00
5.103810000000000291e-02
0.000000000000000000e+00
0.000000000000000000e+00
0.000000000000000000e+00
0.000000000000000000e+00
0.000000000000000000e+00
0.000000000000000000e+00
2.773240000000000149e-01
0.000000000000000000e+00
0.000000000000000000e+00
3.238130000000000175e-01
0.000000000000000000e+00
5.487050000000000261e-02
0.000000000000000000e+00
2.275210000000000010e-01
8.841949999999999532e-01
0.000000000000000000e+00
0.000000000000000000e+00
1.186389999999999945e-01
0.000000000000000000e+00
-3.385079999999999756e-01
0.000000000000000000e+00
0.000000000000000000e+00
0.000000000000000000e+00
3.731020000000000170e-02
0.000000000000000000e+00
2.868520000000000097e-02
5.191470000000000251e-01
0.000000000000000000e+00
6.730099999999999971e-01
6.782059999999999478e-02
0.000000000000000000e+00
2.150499999999999912e-01
0.000000000000000000e+00
0.000000000000000000e+00
0.000000000000000000e+00
0.000000000000000000e+00
0.000000000000000000e+00
0.000000000000000000e+00
0.000000000000000000e+00
0.000000000000000000e+00
0.000000000000000000e+00
0.000000000000000000e+00
0.000000000000000000e+00
0.000000000000000000e+00
0.000000000000000000e+00
0.000000000000000000e+00
-3.795169999999999932e-01
0.000000000000000000e+00
0.000000000000000000e+00
-2.935890000000000027e-02
0.000000000000000000e+00
4.213180000000000258e-01
0.000000000000000000e+00
0.000000000000000000e+00
2.053000000000000103e-01
0.000000000000000000e+00
0.000000000000000000e+00
0.000000000000000000e+00
0.000000000000000000e+00
0.000000000000000000e+00
0.000000000000000000e+00
0.000000000000000000e+00
0.000000000000000000e+00
0.000000000000000000e+00
1.485840000000000050e+00
0.000000000000000000e+00
6.110459999999999781e-01
0.000000000000000000e+00
8.012690000000000090e-01
0.000000000000000000e+00
7.240480000000000527e-02
0.000000000000000000e+00
0.000000000000000000e+00
0.000000000000000000e+00
0.000000000000000000e+00
0.000000000000000000e+00
0.000000000000000000e+00
0.000000000000000000e+00
0.000000000000000000e+00
0.000000000000000000e+00
4.640149999999999830e-02
0.000000000000000000e+00
0.000000000000000000e+00
0.000000000000000000e+00
0.000000000000000000e+00
0.000000000000000000e+00
0.000000000000000000e+00
-3.820709999999999940e-01
6.349799999999999889e-01
2.366320000000000090e-01
0.000000000000000000e+00
0.000000000000000000e+00
0.000000000000000000e+00
0.000000000000000000e+00
0.000000000000000000e+00
1.082459999999999978e+00
0.000000000000000000e+00
1.324480000000000102e+00
0.000000000000000000e+00
4.437590000000000146e-01
2.076679999999999915e-01
0.000000000000000000e+00
0.000000000000000000e+00
2.934760000000000146e-01
0.000000000000000000e+00
0.000000000000000000e+00
0.000000000000000000e+00
0.000000000000000000e+00
0.000000000000000000e+00
0.000000000000000000e+00
0.000000000000000000e+00
0.000000000000000000e+00
0.000000000000000000e+00
0.000000000000000000e+00
0.000000000000000000e+00
0.000000000000000000e+00
1.810630000000000017e-01
1.508460000000000079e-01
0.000000000000000000e+00
0.000000000000000000e+00
0.000000000000000000e+00
0.000000000000000000e+00
0.000000000000000000e+00
1.201350000000000057e-01
9.065560000000000285e-01
0.000000000000000000e+00
3.532100000000000239e-01
0.000000000000000000e+00
0.000000000000000000e+00
0.000000000000000000e+00
0.000000000000000000e+00
0.000000000000000000e+00
0.000000000000000000e+00
0.000000000000000000e+00
0.000000000000000000e+00
0.000000000000000000e+00
0.000000000000000000e+00
0.000000000000000000e+00
0.000000000000000000e+00
3.156320000000000237e-01
0.000000000000000000e+00
2.023540000000000061e-01
0.000000000000000000e+00
0.000000000000000000e+00
0.000000000000000000e+00
0.000000000000000000e+00
0.000000000000000000e+00
0.000000000000000000e+00
6.293780000000000208e-02
1.968309999999999851e-02
1.076150000000000023e-01
1.792549999999999977e-01
0.000000000000000000e+00
7.022950000000000026e-01
0.000000000000000000e+00
1.332250000000000101e-01
4.134800000000000142e-01
2.213090000000000057e-01
0.000000000000000000e+00
1.647129999999999983e+00
0.000000000000000000e+00
0.000000000000000000e+00
0.000000000000000000e+00
-1.383039999999999964e-02
8.824890000000000512e-02
0.000000000000000000e+00
4.104349999999999943e-01
2.976949999999999874e-01
0.000000000000000000e+00
0.000000000000000000e+00
0.000000000000000000e+00
1.837179999999999924e-01
6.867090000000000138e-01
0.000000000000000000e+00
0.000000000000000000e+00
0.000000000000000000e+00
0.000000000000000000e+00
0.000000000000000000e+00
0.000000000000000000e+00
-2.194869999999999877e-01
0.000000000000000000e+00
8.185240000000000293e-01
0.000000000000000000e+00
0.000000000000000000e+00
5.418769999999999837e-02
0.000000000000000000e+00
0.000000000000000000e+00
5.321929999999999716e-02
0.000000000000000000e+00
0.000000000000000000e+00
0.000000000000000000e+00
2.191329999999999945e-01
0.000000000000000000e+00
0.000000000000000000e+00
0.000000000000000000e+00
0.000000000000000000e+00
0.000000000000000000e+00
7.119159999999999933e-01
2.778419999999999848e-02
0.000000000000000000e+00
6.205000000000000515e-01
0.000000000000000000e+00
-9.319429999999999381e-02
0.000000000000000000e+00
0.000000000000000000e+00
0.000000000000000000e+00
0.000000000000000000e+00
0.000000000000000000e+00
0.000000000000000000e+00
6.783660000000000245e-01
0.000000000000000000e+00
0.000000000000000000e+00
0.000000000000000000e+00
0.000000000000000000e+00
0.000000000000000000e+00
0.000000000000000000e+00
0.000000000000000000e+00
0.000000000000000000e+00
0.000000000000000000e+00
0.000000000000000000e+00
0.000000000000000000e+00
0.000000000000000000e+00
0.000000000000000000e+00
0.000000000000000000e+00
0.000000000000000000e+00
0.000000000000000000e+00
0.000000000000000000e+00
0.000000000000000000e+00
0.000000000000000000e+00
0.000000000000000000e+00
0.000000000000000000e+00
0.000000000000000000e+00
0.000000000000000000e+00
0.000000000000000000e+00
0.000000000000000000e+00
0.000000000000000000e+00
1.099149999999999988e-01
0.000000000000000000e+00
0.000000000000000000e+00
2.616660000000000166e-02
0.000000000000000000e+00
0.000000000000000000e+00
8.410750000000000171e-02
0.000000000000000000e+00
0.000000000000000000e+00
0.000000000000000000e+00
0.000000000000000000e+00
2.060190000000000077e-01
0.000000000000000000e+00
0.000000000000000000e+00
0.000000000000000000e+00
0.000000000000000000e+00
0.000000000000000000e+00
0.000000000000000000e+00
0.000000000000000000e+00
0.000000000000000000e+00
0.000000000000000000e+00
0.000000000000000000e+00
0.000000000000000000e+00
0.000000000000000000e+00
0.000000000000000000e+00
0.000000000000000000e+00
0.000000000000000000e+00
0.000000000000000000e+00
1.451580000000000092e+00
0.000000000000000000e+00
0.000000000000000000e+00
0.000000000000000000e+00
0.000000000000000000e+00
0.000000000000000000e+00
0.000000000000000000e+00
0.000000000000000000e+00
0.000000000000000000e+00
0.000000000000000000e+00
0.000000000000000000e+00
0.000000000000000000e+00
0.000000000000000000e+00
0.000000000000000000e+00
0.000000000000000000e+00
0.000000000000000000e+00
0.000000000000000000e+00
0.000000000000000000e+00
0.000000000000000000e+00
4.770670000000000188e-01
0.000000000000000000e+00
0.000000000000000000e+00
0.000000000000000000e+00
0.000000000000000000e+00
3.894989999999999841e-01
0.000000000000000000e+00
0.000000000000000000e+00
-1.695399999999999963e-01
7.326820000000000555e-01
-1.608499999999999930e-01
0.000000000000000000e+00
0.000000000000000000e+00
0.000000000000000000e+00
0.000000000000000000e+00
-5.783660000000000467e-01
-2.760870000000000268e-01
7.796629999999999706e-03
0.000000000000000000e+00
3.834669999999999745e-02
0.000000000000000000e+00
-3.056800000000000142e-03
0.000000000000000000e+00
0.000000000000000000e+00
0.000000000000000000e+00
0.000000000000000000e+00
0.000000000000000000e+00
0.000000000000000000e+00
0.000000000000000000e+00
0.000000000000000000e+00
0.000000000000000000e+00
0.000000000000000000e+00
9.828390000000000182e-01
0.000000000000000000e+00
0.000000000000000000e+00
0.000000000000000000e+00
0.000000000000000000e+00
0.000000000000000000e+00
0.000000000000000000e+00
0.000000000000000000e+00
0.000000000000000000e+00
0.000000000000000000e+00
0.000000000000000000e+00
0.000000000000000000e+00
0.000000000000000000e+00
0.000000000000000000e+00
0.000000000000000000e+00
0.000000000000000000e+00
0.000000000000000000e+00
0.000000000000000000e+00
0.000000000000000000e+00
0.000000000000000000e+00
0.000000000000000000e+00
-5.053950000000000387e-01
0.000000000000000000e+00
0.000000000000000000e+00
0.000000000000000000e+00
0.000000000000000000e+00
0.000000000000000000e+00
0.000000000000000000e+00
0.000000000000000000e+00
0.000000000000000000e+00
0.000000000000000000e+00
0.000000000000000000e+00
0.000000000000000000e+00
-2.190400000000000125e-01
1.869940000000000144e-02
0.000000000000000000e+00
0.000000000000000000e+00
0.000000000000000000e+00
0.000000000000000000e+00
-2.262760000000000049e-01
1.519419999999999937e-01
5.808480000000000310e-01
0.000000000000000000e+00
0.000000000000000000e+00
0.000000000000000000e+00
0.000000000000000000e+00
0.000000000000000000e+00
0.000000000000000000e+00
0.000000000000000000e+00
0.000000000000000000e+00
0.000000000000000000e+00
0.000000000000000000e+00
0.000000000000000000e+00
0.000000000000000000e+00
0.000000000000000000e+00
0.000000000000000000e+00
0.000000000000000000e+00
0.000000000000000000e+00
0.000000000000000000e+00
-3.149330000000000185e-01
0.000000000000000000e+00
0.000000000000000000e+00
0.000000000000000000e+00
0.000000000000000000e+00
0.000000000000000000e+00
0.000000000000000000e+00
0.000000000000000000e+00
0.000000000000000000e+00
0.000000000000000000e+00
0.000000000000000000e+00
0.000000000000000000e+00
0.000000000000000000e+00
0.000000000000000000e+00
-1.709769999999999901e-01
-3.962220000000000186e-01
3.902249999999999885e-01
0.000000000000000000e+00
0.000000000000000000e+00
0.000000000000000000e+00
0.000000000000000000e+00
0.000000000000000000e+00
0.000000000000000000e+00
0.000000000000000000e+00
0.000000000000000000e+00
0.000000000000000000e+00
0.000000000000000000e+00
0.000000000000000000e+00
4.448199999999999932e-01
0.000000000000000000e+00
0.000000000000000000e+00
0.000000000000000000e+00
0.000000000000000000e+00
0.000000000000000000e+00
-3.275270000000000126e-01
1.802870000000000028e-01
0.000000000000000000e+00
0.000000000000000000e+00
0.000000000000000000e+00
0.000000000000000000e+00
0.000000000000000000e+00
-2.867759999999999754e-01
0.000000000000000000e+00
1.583940000000000070e-01
0.000000000000000000e+00
0.000000000000000000e+00
0.000000000000000000e+00
5.672570000000000112e-01
1.637520000000000087e-01
2.395200000000000107e-01
0.000000000000000000e+00
0.000000000000000000e+00
0.000000000000000000e+00
0.000000000000000000e+00
0.000000000000000000e+00
0.000000000000000000e+00
0.000000000000000000e+00
0.000000000000000000e+00
6.045880000000000143e-01
0.000000000000000000e+00
0.000000000000000000e+00
0.000000000000000000e+00
0.000000000000000000e+00
0.000000000000000000e+00
0.000000000000000000e+00
0.000000000000000000e+00
0.000000000000000000e+00
0.000000000000000000e+00
0.000000000000000000e+00
0.000000000000000000e+00
0.000000000000000000e+00
0.000000000000000000e+00
0.000000000000000000e+00
0.000000000000000000e+00
0.000000000000000000e+00
3.849609999999999976e-01
0.000000000000000000e+00
0.000000000000000000e+00
0.000000000000000000e+00
0.000000000000000000e+00
0.000000000000000000e+00
2.084310000000000052e-01
-2.476899999999999935e-02
0.000000000000000000e+00
0.000000000000000000e+00
0.000000000000000000e+00
-3.473299999999999998e-02
0.000000000000000000e+00
0.000000000000000000e+00
0.000000000000000000e+00
0.000000000000000000e+00
8.959009999999999474e-01
0.000000000000000000e+00
-1.026320000000000010e-01
0.000000000000000000e+00
0.000000000000000000e+00
0.000000000000000000e+00
0.000000000000000000e+00
-3.645999999999999797e-01
-1.268599999999999936e-02
0.000000000000000000e+00
0.000000000000000000e+00
0.000000000000000000e+00
0.000000000000000000e+00
-4.605940000000000034e-01
0.000000000000000000e+00
0.000000000000000000e+00
-1.255680000000000129e-01
0.000000000000000000e+00
1.348260000000000083e-02
0.000000000000000000e+00
4.083550000000000235e-01
0.000000000000000000e+00
-1.549760000000000026e-01
0.000000000000000000e+00
0.000000000000000000e+00
0.000000000000000000e+00
0.000000000000000000e+00
-1.839689999999999936e-01
0.000000000000000000e+00
0.000000000000000000e+00
0.000000000000000000e+00
0.000000000000000000e+00
0.000000000000000000e+00
0.000000000000000000e+00
0.000000000000000000e+00
0.000000000000000000e+00
-1.099890000000000034e-01
0.000000000000000000e+00
0.000000000000000000e+00
0.000000000000000000e+00
-1.344170000000000087e-01
0.000000000000000000e+00
0.000000000000000000e+00
0.000000000000000000e+00
-1.586220000000000130e-01
0.000000000000000000e+00
-3.040780000000000149e-01
0.000000000000000000e+00
0.000000000000000000e+00
-2.041350000000000109e-01
0.000000000000000000e+00
-1.227890000000000058e-02
0.000000000000000000e+00
-2.820840000000000014e-01
0.000000000000000000e+00
-2.263030000000000042e-01
-3.080609999999999946e-02
0.000000000000000000e+00
-1.723919999999999897e-01
0.000000000000000000e+00
0.000000000000000000e+00
0.000000000000000000e+00
0.000000000000000000e+00
-2.292099999999999971e-01
0.000000000000000000e+00
0.000000000000000000e+00
-4.749220000000000108e-01
0.000000000000000000e+00
0.000000000000000000e+00
0.000000000000000000e+00
-2.570700000000000207e-01
0.000000000000000000e+00
0.000000000000000000e+00
0.000000000000000000e+00
-7.745229999999999615e-01
0.000000000000000000e+00
-3.790259999999999740e-01
-2.198199999999999876e-01
0.000000000000000000e+00
0.000000000000000000e+00
0.000000000000000000e+00
0.000000000000000000e+00
0.000000000000000000e+00
0.000000000000000000e+00
0.000000000000000000e+00
0.000000000000000000e+00
0.000000000000000000e+00
-5.206220000000000292e-01
0.000000000000000000e+00
0.000000000000000000e+00
0.000000000000000000e+00
0.000000000000000000e+00
0.000000000000000000e+00
-2.387130000000000085e-01
-1.177789999999999948e-01
-7.885069999999999579e-02
0.000000000000000000e+00
0.000000000000000000e+00
0.000000000000000000e+00
0.000000000000000000e+00
0.000000000000000000e+00
0.000000000000000000e+00
0.000000000000000000e+00
0.000000000000000000e+00
-5.772490000000000121e-01
-2.478670000000000040e-01
6.148259999999999836e-01
-5.371850000000000236e-01
0.000000000000000000e+00
0.000000000000000000e+00
0.000000000000000000e+00
0.000000000000000000e+00
0.000000000000000000e+00
0.000000000000000000e+00
0.000000000000000000e+00
0.000000000000000000e+00
0.000000000000000000e+00
0.000000000000000000e+00
-6.819659999999999611e-02
0.000000000000000000e+00
0.000000000000000000e+00
0.000000000000000000e+00
-1.034299999999999942e-01
-1.034489999999999993e-01
0.000000000000000000e+00
0.000000000000000000e+00
0.000000000000000000e+00
0.000000000000000000e+00
0.000000000000000000e+00
0.000000000000000000e+00
7.132099999999999551e-02
0.000000000000000000e+00
-1.519050000000000122e-01
0.000000000000000000e+00
0.000000000000000000e+00
-1.123350000000000043e-01
0.000000000000000000e+00
-1.547690000000000010e+00
0.000000000000000000e+00
0.000000000000000000e+00
0.000000000000000000e+00
0.000000000000000000e+00
0.000000000000000000e+00
0.000000000000000000e+00
0.000000000000000000e+00
0.000000000000000000e+00
0.000000000000000000e+00
-1.093399999999999928e-02
0.000000000000000000e+00
-2.756330000000000169e-01
0.000000000000000000e+00
0.000000000000000000e+00
0.000000000000000000e+00
-1.984409999999999993e-02
0.000000000000000000e+00
0.000000000000000000e+00
2.543119999999999825e-01
0.000000000000000000e+00
0.000000000000000000e+00
0.000000000000000000e+00
0.000000000000000000e+00
0.000000000000000000e+00
0.000000000000000000e+00
0.000000000000000000e+00
0.000000000000000000e+00
0.000000000000000000e+00
0.000000000000000000e+00
0.000000000000000000e+00
0.000000000000000000e+00
0.000000000000000000e+00
-7.515879999999999783e-02
-7.720620000000000260e-01
-6.516079999999999650e-01
0.000000000000000000e+00
0.000000000000000000e+00
0.000000000000000000e+00
-2.425289999999999946e-01
0.000000000000000000e+00
0.000000000000000000e+00
-6.070379999999999665e-01
-3.324639999999999818e-01
-2.495090000000000086e-01
0.000000000000000000e+00
-4.172710000000000030e-01
0.000000000000000000e+00
-5.478739999999999721e-01
-5.879480000000000262e-01
8.595740000000000325e-02
0.000000000000000000e+00
0.000000000000000000e+00
0.000000000000000000e+00
-3.438700000000000090e-01
-1.300080000000000124e-01
0.000000000000000000e+00
0.000000000000000000e+00
0.000000000000000000e+00
0.000000000000000000e+00
-5.646139999999999493e-01
0.000000000000000000e+00
0.000000000000000000e+00
0.000000000000000000e+00
0.000000000000000000e+00
0.000000000000000000e+00
0.000000000000000000e+00
0.000000000000000000e+00
0.000000000000000000e+00
0.000000000000000000e+00
0.000000000000000000e+00
0.000000000000000000e+00
0.000000000000000000e+00
0.000000000000000000e+00
0.000000000000000000e+00
0.000000000000000000e+00
0.000000000000000000e+00
0.000000000000000000e+00
0.000000000000000000e+00
0.000000000000000000e+00
-1.400090000000000057e+00
0.000000000000000000e+00
0.000000000000000000e+00
0.000000000000000000e+00
0.000000000000000000e+00
0.000000000000000000e+00
0.000000000000000000e+00
-1.098889999999999936e-03
0.000000000000000000e+00
-1.486389999999999934e-01
0.000000000000000000e+00
-3.533069999999999822e-01
0.000000000000000000e+00
0.000000000000000000e+00
-1.019540000000000030e-01
-1.072410000000000030e-01
0.000000000000000000e+00
0.000000000000000000e+00
0.000000000000000000e+00
0.000000000000000000e+00
0.000000000000000000e+00
0.000000000000000000e+00
0.000000000000000000e+00
0.000000000000000000e+00
-2.817769999999999997e-02
0.000000000000000000e+00
-2.466990000000000016e-01
0.000000000000000000e+00
0.000000000000000000e+00
0.000000000000000000e+00
0.000000000000000000e+00
0.000000000000000000e+00
0.000000000000000000e+00
0.000000000000000000e+00
-7.728519999999999834e-01
0.000000000000000000e+00
-4.982570000000000054e-01
1.422789999999999992e-02
2.744630000000000125e-01
0.000000000000000000e+00
0.000000000000000000e+00
0.000000000000000000e+00
0.000000000000000000e+00
0.000000000000000000e+00
0.000000000000000000e+00
0.000000000000000000e+00
0.000000000000000000e+00
0.000000000000000000e+00
-4.087540000000000062e-01
0.000000000000000000e+00
0.000000000000000000e+00
0.000000000000000000e+00
0.000000000000000000e+00
0.000000000000000000e+00
0.000000000000000000e+00
0.000000000000000000e+00
0.000000000000000000e+00
0.000000000000000000e+00
0.000000000000000000e+00
0.000000000000000000e+00
-4.268369999999999803e-02
-1.453780000000000072e-01
-3.336959999999999926e-01
0.000000000000000000e+00
3.146260000000000168e-01
0.000000000000000000e+00
0.000000000000000000e+00
0.000000000000000000e+00
0.000000000000000000e+00
0.000000000000000000e+00
0.000000000000000000e+00
0.000000000000000000e+00
0.000000000000000000e+00
-2.422729999999999884e-01
-1.108839999999999965e-01
0.000000000000000000e+00
0.000000000000000000e+00
0.000000000000000000e+00
0.000000000000000000e+00
0.000000000000000000e+00
0.000000000000000000e+00
0.000000000000000000e+00
0.000000000000000000e+00
-2.065020000000000050e-02
0.000000000000000000e+00
0.000000000000000000e+00
0.000000000000000000e+00
0.000000000000000000e+00
0.000000000000000000e+00
0.000000000000000000e+00
0.000000000000000000e+00
0.000000000000000000e+00
3.743949999999999778e-01
0.000000000000000000e+00
0.000000000000000000e+00
0.000000000000000000e+00
3.676749999999999741e-01
0.000000000000000000e+00
0.000000000000000000e+00
0.000000000000000000e+00
5.333189999999999875e-01
-1.891450000000000076e-01
0.000000000000000000e+00
0.000000000000000000e+00
-3.795169999999999932e-01
0.000000000000000000e+00
0.000000000000000000e+00
0.000000000000000000e+00
0.000000000000000000e+00
0.000000000000000000e+00
0.000000000000000000e+00
0.000000000000000000e+00
0.000000000000000000e+00
0.000000000000000000e+00
0.000000000000000000e+00
0.000000000000000000e+00
-3.675619999999999998e-01
0.000000000000000000e+00
0.000000000000000000e+00
0.000000000000000000e+00
0.000000000000000000e+00
0.000000000000000000e+00
0.000000000000000000e+00
0.000000000000000000e+00
0.000000000000000000e+00
0.000000000000000000e+00
-2.895849999999999813e-01
0.000000000000000000e+00
0.000000000000000000e+00
0.000000000000000000e+00
0.000000000000000000e+00
0.000000000000000000e+00
9.679250000000000353e-02
4.809550000000000214e-01
0.000000000000000000e+00
0.000000000000000000e+00
0.000000000000000000e+00
0.000000000000000000e+00
0.000000000000000000e+00
0.000000000000000000e+00
0.000000000000000000e+00
0.000000000000000000e+00
0.000000000000000000e+00
0.000000000000000000e+00
0.000000000000000000e+00
0.000000000000000000e+00
0.000000000000000000e+00
0.000000000000000000e+00
0.000000000000000000e+00
0.000000000000000000e+00
0.000000000000000000e+00
0.000000000000000000e+00
0.000000000000000000e+00
0.000000000000000000e+00
0.000000000000000000e+00
0.000000000000000000e+00
0.000000000000000000e+00
0.000000000000000000e+00
3.304059999999999775e-01
0.000000000000000000e+00
6.339559999999999640e-01
0.000000000000000000e+00
0.000000000000000000e+00
0.000000000000000000e+00
0.000000000000000000e+00
0.000000000000000000e+00
0.000000000000000000e+00
0.000000000000000000e+00
0.000000000000000000e+00
0.000000000000000000e+00
0.000000000000000000e+00
0.000000000000000000e+00
0.000000000000000000e+00
0.000000000000000000e+00
0.000000000000000000e+00
0.000000000000000000e+00
0.000000000000000000e+00
0.000000000000000000e+00
0.000000000000000000e+00
0.000000000000000000e+00
0.000000000000000000e+00
0.000000000000000000e+00
0.000000000000000000e+00
0.000000000000000000e+00
6.983190000000000230e-02
0.000000000000000000e+00
0.000000000000000000e+00
0.000000000000000000e+00
0.000000000000000000e+00
0.000000000000000000e+00
0.000000000000000000e+00
0.000000000000000000e+00
0.000000000000000000e+00
0.000000000000000000e+00
0.000000000000000000e+00
-8.091139999999999444e-02
0.000000000000000000e+00
4.151889999999999747e-01
0.000000000000000000e+00
0.000000000000000000e+00
0.000000000000000000e+00
-6.948400000000000132e-01
0.000000000000000000e+00
0.000000000000000000e+00
0.000000000000000000e+00
4.319509999999999739e-01
0.000000000000000000e+00
0.000000000000000000e+00
0.000000000000000000e+00
1.017670000000000075e+00
0.000000000000000000e+00
-5.960079999999999822e-01
0.000000000000000000e+00
0.000000000000000000e+00
0.000000000000000000e+00
0.000000000000000000e+00
0.000000000000000000e+00
5.070179999999999826e-02
0.000000000000000000e+00
0.000000000000000000e+00
0.000000000000000000e+00
-9.363319999999999976e-02
0.000000000000000000e+00
0.000000000000000000e+00
0.000000000000000000e+00
0.000000000000000000e+00
0.000000000000000000e+00
0.000000000000000000e+00
0.000000000000000000e+00
0.000000000000000000e+00
0.000000000000000000e+00
0.000000000000000000e+00
0.000000000000000000e+00
0.000000000000000000e+00
0.000000000000000000e+00
0.000000000000000000e+00
0.000000000000000000e+00
0.000000000000000000e+00
0.000000000000000000e+00
0.000000000000000000e+00
0.000000000000000000e+00
0.000000000000000000e+00
0.000000000000000000e+00
0.000000000000000000e+00
0.000000000000000000e+00
0.000000000000000000e+00
0.000000000000000000e+00
0.000000000000000000e+00
-1.016409999999999952e-01
0.000000000000000000e+00
0.000000000000000000e+00
9.548170000000000268e-01
0.000000000000000000e+00
0.000000000000000000e+00
0.000000000000000000e+00
0.000000000000000000e+00
0.000000000000000000e+00
0.000000000000000000e+00
0.000000000000000000e+00
0.000000000000000000e+00
0.000000000000000000e+00
0.000000000000000000e+00
0.000000000000000000e+00
0.000000000000000000e+00
0.000000000000000000e+00
0.000000000000000000e+00
8.065139999999999809e-02
0.000000000000000000e+00
0.000000000000000000e+00
-3.795169999999999932e-01
0.000000000000000000e+00
0.000000000000000000e+00
0.000000000000000000e+00
