-1.028590000000000060e-01
9.009350000000000691e-02
1.522399999999999864e-01
-1.367759999999999983e-02
0.000000000000000000e+00
-3.337799999999999795e-02
0.000000000000000000e+00
9.454730000000000079e-02
0.000000000000000000e+00
0.000000000000000000e+00
0.000000000000000000e+00
2.491790000000000116e-01
0.000000000000000000e+00
5.443810000000000315e-02
0.000000000000000000e+00
-7.554410000000000291e-01
0.000000000000000000e+00
9.893119999999999692e-01
5.545459999999999834e-01
0.000000000000000000e+00
0.000000000000000000e+00
-1.750929999999999986e-01
0.000000000000000000e+00
6.936630000000000573e-02
-8.384810000000000318e-01
-4.229649999999999799e-01
0.000000000000000000e+00
0.000000000000000000e+00
-7.190149999999999320e-02
5.495240000000000125e-01
7.955069999999999641e-01
0.000000000000000000e+00
0.000000000000000000e+00
0.000000000000000000e+00
4.566029999999999811e-01
0.000000000000000000e+00
7.506680000000000019e-01
0.000000000000000000e+00
0.000000000000000000e+00
0.000000000000000000e+00
0.000000000000000000e+00
0.000000000000000000e+00
7.309080000000000021e-01
-1.088760000000000006e-01
4.212609999999999966e-01
0.000000000000000000e+00
0.000000000000000000e+00
1.015609999999999902e+00
0.000000000000000000e+00
3.831249999999999933e-01
0.000000000000000000e+00
0.000000000000000000e+00
7.635260000000000380e-01
4.017370000000000108e-01
1.694950000000000068e-01
-2.301100000000000090e-01
0.000000000000000000e+00
0.000000000000000000e+00
0.000000000000000000e+00
0.000000000000000000e+00
0.000000000000000000e+00
0.000000000000000000e+00
3.013899999999999912e-02
7.611470000000000180e-01
2.151889999999999914e-01
3.922140000000000071e-01
0.000000000000000000e+00
0.000000000000000000e+00
0.000000000000000000e+00
0.000000000000000000e+00
0.000000000000000000e+00
1.588489999999999958e+00
3.629580000000000028e-01
0.000000000000000000e+00
0.000000000000000000e+00
0.000000000000000000e+00
0.000000000000000000e+00
0.000000000000000000e+00
0.000000000000000000e+00
0.000000000000000000e+00
0.000000000000000000e+00
0.000000000000000000e+00
0.000000000000000000e+00
-1.688280000000000058e-01
0.000000000000000000e+00
0.000000000000000000e+00
0.000000000000000000e+00
0.000000000000000000e+00
0.000000000000000000e+00
0.000000000000000000e+00
0.000000000000000000e+00
0.000000000000000000e+00
0.000000000000000000e+00
0.000000000000000000e+00
1.420119999999999993e-01
0.000000000000000000e+00
0.000000000000000000e+00
0.000000000000000000e+00
0.000000000000000000e+00
0.000000000000000000e+00
0.000000000000000000e+00
0.000000000000000000e+00
0.000000000000000000e+00
0.000000000000000000e+00
0.000000000000000000e+00
0.000000000000000000e+00
0.000000000000000000e+00
4.024900000000000144e-01
0.000000000000000000e+00
0.000000000000000000e+00
0.000000000000000000e+00
0.000000000000000000e+00
1.541829999999999867e-01
0.000000000000000000e+00
0.000000000000000000e+00
0.000000000000000000e+00
0.000000000000000000e+00
0.000000000000000000e+00
0.000000000000000000e+00
0.000000000000000000e+00
0.000000000000000000e+00
0.000000000000000000e+00
0.000000000000000000e+00
0.000000000000000000e+00
0.000000000000000000e+00
0.000000000000000000e+00
0.000000000000000000e+00
0.000000000000000000e+00
0.000000000000000000e+00
3.686889999999999890e-01
0.000000000000000000e+00
0.000000000000000000e+00
0.000000000000000000e+00
0.000000000000000000e+00
0.000000000000000000e+00
0.000000000000000000e+00
0.000000000000000000e+00
0.000000000000000000e+00
0.000000000000000000e+00
0.000000000000000000e+00
0.000000000000000000e+00
0.000000000000000000e+00
-2.247139999999999971e-01
0.000000000000000000e+00
0.000000000000000000e+00
0.000000000000000000e+00
2.759650000000000158e-01
0.000000000000000000e+00
0.000000000000000000e+00
0.000000000000000000e+00
0.000000000000000000e+00
0.000000000000000000e+00
0.000000000000000000e+00
0.000000000000000000e+00
0.000000000000000000e+00
0.000000000000000000e+00
0.000000000000000000e+00
0.000000000000000000e+00
0.000000000000000000e+00
0.000000000000000000e+00
0.000000000000000000e+00
0.000000000000000000e+00
0.000000000000000000e+00
1.400649999999999951e+00
0.000000000000000000e+00
0.000000000000000000e+00
0.000000000000000000e+00
0.000000000000000000e+00
0.000000000000000000e+00
7.492820000000000036e-01
1.149329999999999935e-01
0.000000000000000000e+00
4.076409999999999756e-01
4.246690000000000187e-01
5.834160000000000040e-02
0.000000000000000000e+00
0.000000000000000000e+00
0.000000000000000000e+00
0.000000000000000000e+00
0.000000000000000000e+00
0.000000000000000000e+00
0.000000000000000000e+00
0.000000000000000000e+00
0.000000000000000000e+00
0.000000000000000000e+00
0.000000000000000000e+00
0.000000000000000000e+00
0.000000000000000000e+00
0.000000000000000000e+00
0.000000000000000000e+00
0.000000000000000000e+00
0.000000000000000000e+00
3.792869999999999853e-01
0.000000000000000000e+00
0.000000000000000000e+00
0.000000000000000000e+00
0.000000000000000000e+00
0.000000000000000000e+00
-1.279520000000000102e-01
0.000000000000000000e+00
0.000000000000000000e+00
0.000000000000000000e+00
0.000000000000000000e+00
0.000000000000000000e+00
-5.428220000000000094e-03
0.000000000000000000e+00
0.000000000000000000e+00
0.000000000000000000e+00
-2.509419999999999984e-01
0.000000000000000000e+00
0.000000000000000000e+00
0.000000000000000000e+00
0.000000000000000000e+00
0.000000000000000000e+00
3.683799999999999852e-01
0.000000000000000000e+00
0.000000000000000000e+00
-3.945209999999999689e-02
0.000000000000000000e+00
0.000000000000000000e+00
0.000000000000000000e+00
0.000000000000000000e+00
0.000000000000000000e+00
0.000000000000000000e+00
0.000000000000000000e+00
-6.527209999999999956e-02
0.000000000000000000e+00
0.000000000000000000e+00
0.000000000000000000e+00
0.000000000000000000e+00
0.000000000000000000e+00
0.000000000000000000e+00
0.000000000000000000e+00
8.507759999999999767e-01
0.000000000000000000e+00
0.000000000000000000e+00
0.000000000000000000e+00
0.000000000000000000e+00
0.000000000000000000e+00
0.000000000000000000e+00
0.000000000000000000e+00
0.000000000000000000e+00
0.000000000000000000e+00
0.000000000000000000e+00
0.000000000000000000e+00
0.000000000000000000e+00
0.000000000000000000e+00
0.000000000000000000e+00
0.000000000000000000e+00
0.000000000000000000e+00
3.470050000000000218e-02
0.000000000000000000e+00
1.337119999999999975e-01
0.000000000000000000e+00
2.140229999999999910e-01
0.000000000000000000e+00
0.000000000000000000e+00
0.000000000000000000e+00
0.000000000000000000e+00
0.000000000000000000e+00
0.000000000000000000e+00
0.000000000000000000e+00
0.000000000000000000e+00
0.000000000000000000e+00
5.761640000000000095e-01
0.000000000000000000e+00
3.965020000000000211e-01
0.000000000000000000e+00
1.430600000000000094e+00
7.276230000000000198e-01
0.000000000000000000e+00
0.000000000000000000e+00
0.000000000000000000e+00
0.000000000000000000e+00
0.000000000000000000e+00
3.544120000000000048e-01
0.000000000000000000e+00
0.000000000000000000e+00
2.612050000000000205e-01
4.452039999999999886e-01
0.000000000000000000e+00
8.639869999999999495e-01
1.264750000000000041e-01
9.645620000000000305e-01
2.503889999999999935e-03
0.000000000000000000e+00
0.000000000000000000e+00
0.000000000000000000e+00
2.395480000000000109e-01
4.919899999999999968e-02
0.000000000000000000e+00
0.000000000000000000e+00
0.000000000000000000e+00
0.000000000000000000e+00
2.003820000000000046e-01
0.000000000000000000e+00
0.000000000000000000e+00
0.000000000000000000e+00
0.000000000000000000e+00
0.000000000000000000e+00
0.000000000000000000e+00
0.000000000000000000e+00
0.000000000000000000e+00
0.000000000000000000e+00
-3.720989999999999714e-02
4.726730000000000098e-01
4.278640000000000221e-01
0.000000000000000000e+00
0.000000000000000000e+00
6.137089999999999490e-01
0.000000000000000000e+00
0.000000000000000000e+00
8.760419999999999874e-01
0.000000000000000000e+00
0.000000000000000000e+00
0.000000000000000000e+00
0.000000000000000000e+00
0.000000000000000000e+00
0.000000000000000000e+00
1.209710000000000063e+00
0.000000000000000000e+00
4.026299999999999879e-01
0.000000000000000000e+00
1.001940000000000053e+00
0.000000000000000000e+00
1.530010000000000092e+00
-3.307539999999999786e-02
0.000000000000000000e+00
9.721360000000000001e-01
0.000000000000000000e+00
0.000000000000000000e+00
0.000000000000000000e+00
4.673300000000000232e-01
0.000000000000000000e+00
5.393060000000000215e-02
1.827310000000000045e-01
0.000000000000000000e+00
0.000000000000000000e+00
0.000000000000000000e+00
2.471759999999999929e-02
0.000000000000000000e+00
0.000000000000000000e+00
0.000000000000000000e+00
8.444079999999999642e-02
5.505430000000000046e-02
0.000000000000000000e+00
0.000000000000000000e+00
6.624640000000000528e-01
0.000000000000000000e+00
0.000000000000000000e+00
1.717889999999999917e+00
7.638949999999999907e-01
2.347739999999999938e+00
0.000000000000000000e+00
3.415290000000000270e-01
0.000000000000000000e+00
1.667000000000000037e+00
0.000000000000000000e+00
0.000000000000000000e+00
1.398460000000000036e+00
0.000000000000000000e+00
0.000000000000000000e+00
0.000000000000000000e+00
0.000000000000000000e+00
1.731160000000000032e+00
0.000000000000000000e+00
7.336859999999999493e-01
0.000000000000000000e+00
0.000000000000000000e+00
7.218520000000000492e-01
0.000000000000000000e+00
0.000000000000000000e+00
7.458580000000000210e-01
0.000000000000000000e+00
2.780670000000000086e-01
0.000000000000000000e+00
0.000000000000000000e+00
0.000000000000000000e+00
1.814359999999999862e-01
1.502709999999999879e-01
0.000000000000000000e+00
4.797679999999999723e-01
0.000000000000000000e+00
1.216670000000000078e-02
0.000000000000000000e+00
0.000000000000000000e+00
0.000000000000000000e+00
0.000000000000000000e+00
0.000000000000000000e+00
0.000000000000000000e+00
0.000000000000000000e+00
0.000000000000000000e+00
6.139409999999999590e-01
0.000000000000000000e+00
0.000000000000000000e+00
0.000000000000000000e+00
8.595869999999999900e-01
0.000000000000000000e+00
0.000000000000000000e+00
0.000000000000000000e+00
0.000000000000000000e+00
0.000000000000000000e+00
0.000000000000000000e+00
0.000000000000000000e+00
0.000000000000000000e+00
7.190149999999999320e-02
0.000000000000000000e+00
-2.388170000000000015e-01
1.006380000000000052e+00
0.000000000000000000e+00
8.534139999999999782e-02
2.534750000000000059e-01
0.000000000000000000e+00
2.683289999999999842e-01
1.629280000000000062e+00
0.000000000000000000e+00
2.458370000000000000e-01
6.615079999999999572e-02
-6.306829999999999381e-02
-1.671209999999999918e-01
0.000000000000000000e+00
7.467719999999999914e-02
3.522919999999999940e-01
0.000000000000000000e+00
0.000000000000000000e+00
0.000000000000000000e+00
7.591559999999999801e-03
1.322680000000000078e+00
0.000000000000000000e+00
0.000000000000000000e+00
0.000000000000000000e+00
0.000000000000000000e+00
0.000000000000000000e+00
0.000000000000000000e+00
0.000000000000000000e+00
0.000000000000000000e+00
2.876670000000000060e-01
0.000000000000000000e+00
0.000000000000000000e+00
0.000000000000000000e+00
0.000000000000000000e+00
0.000000000000000000e+00
2.383959999999999968e-01
0.000000000000000000e+00
4.127750000000000030e-01
0.000000000000000000e+00
0.000000000000000000e+00
0.000000000000000000e+00
0.000000000000000000e+00
0.000000000000000000e+00
0.000000000000000000e+00
-1.072419999999999971e-02
1.409160000000000135e-01
0.000000000000000000e+00
0.000000000000000000e+00
0.000000000000000000e+00
0.000000000000000000e+00
0.000000000000000000e+00
3.623200000000000032e-02
0.000000000000000000e+00
0.000000000000000000e+00
0.000000000000000000e+00
0.000000000000000000e+00
0.000000000000000000e+00
1.357180000000000053e-01
0.000000000000000000e+00
0.000000000000000000e+00
0.000000000000000000e+00
0.000000000000000000e+00
0.000000000000000000e+00
0.000000000000000000e+00
0.000000000000000000e+00
0.000000000000000000e+00
0.000000000000000000e+00
0.000000000000000000e+00
0.000000000000000000e+00
0.000000000000000000e+00
0.000000000000000000e+00
0.000000000000000000e+00
2.987980000000000080e-01
0.000000000000000000e+00
0.000000000000000000e+00
0.000000000000000000e+00
0.000000000000000000e+00
0.000000000000000000e+00
0.000000000000000000e+00
0.000000000000000000e+00
0.000000000000000000e+00
0.000000000000000000e+00
0.000000000000000000e+00
0.000000000000000000e+00
0.000000000000000000e+00
0.000000000000000000e+00
0.000000000000000000e+00
0.000000000000000000e+00
0.000000000000000000e+00
0.000000000000000000e+00
1.515239999999999990e-02
0.000000000000000000e+00
0.000000000000000000e+00
0.000000000000000000e+00
0.000000000000000000e+00
2.692189999999999861e-01
0.000000000000000000e+00
0.000000000000000000e+00
0.000000000000000000e+00
0.000000000000000000e+00
0.000000000000000000e+00
0.000000000000000000e+00
0.000000000000000000e+00
0.000000000000000000e+00
0.000000000000000000e+00
0.000000000000000000e+00
0.000000000000000000e+00
0.000000000000000000e+00
0.000000000000000000e+00
0.000000000000000000e+00
0.000000000000000000e+00
0.000000000000000000e+00
1.822219999999999951e+00
0.000000000000000000e+00
0.000000000000000000e+00
0.000000000000000000e+00
0.000000000000000000e+00
0.000000000000000000e+00
0.000000000000000000e+00
0.000000000000000000e+00
0.000000000000000000e+00
0.000000000000000000e+00
0.000000000000000000e+00
0.000000000000000000e+00
0.000000000000000000e+00
0.000000000000000000e+00
0.000000000000000000e+00
0.000000000000000000e+00
0.000000000000000000e+00
0.000000000000000000e+00
0.000000000000000000e+00
0.000000000000000000e+00
0.000000000000000000e+00
0.000000000000000000e+00
0.000000000000000000e+00
0.000000000000000000e+00
9.503470000000000528e-01
0.000000000000000000e+00
0.000000000000000000e+00
0.000000000000000000e+00
4.274600000000000066e-01
0.000000000000000000e+00
0.000000000000000000e+00
0.000000000000000000e+00
0.000000000000000000e+00
0.000000000000000000e+00
0.000000000000000000e+00
1.984100000000000100e-02
0.000000000000000000e+00
1.144509999999999972e-01
1.517449999999999966e+00
0.000000000000000000e+00
-5.602519999999999722e-02
0.000000000000000000e+00
0.000000000000000000e+00
0.000000000000000000e+00
0.000000000000000000e+00
0.000000000000000000e+00
-3.367089999999999805e-01
3.924509999999999978e-03
0.000000000000000000e+00
0.000000000000000000e+00
0.000000000000000000e+00
1.301889999999999992e+00
0.000000000000000000e+00
0.000000000000000000e+00
0.000000000000000000e+00
0.000000000000000000e+00
0.000000000000000000e+00
0.000000000000000000e+00
0.000000000000000000e+00
0.000000000000000000e+00
0.000000000000000000e+00
0.000000000000000000e+00
0.000000000000000000e+00
0.000000000000000000e+00
0.000000000000000000e+00
0.000000000000000000e+00
0.000000000000000000e+00
0.000000000000000000e+00
0.000000000000000000e+00
0.000000000000000000e+00
0.000000000000000000e+00
0.000000000000000000e+00
0.000000000000000000e+00
0.000000000000000000e+00
0.000000000000000000e+00
0.000000000000000000e+00
0.000000000000000000e+00
0.000000000000000000e+00
0.000000000000000000e+00
0.000000000000000000e+00
0.000000000000000000e+00
0.000000000000000000e+00
-1.521329999999999905e-01
0.000000000000000000e+00
-1.853390000000000037e-01
0.000000000000000000e+00
0.000000000000000000e+00
0.000000000000000000e+00
0.000000000000000000e+00
0.000000000000000000e+00
0.000000000000000000e+00
0.000000000000000000e+00
1.334440000000000071e+00
0.000000000000000000e+00
0.000000000000000000e+00
0.000000000000000000e+00
0.000000000000000000e+00
0.000000000000000000e+00
0.000000000000000000e+00
0.000000000000000000e+00
-4.860079999999999956e-01
0.000000000000000000e+00
0.000000000000000000e+00
0.000000000000000000e+00
-3.829989999999999783e-02
0.000000000000000000e+00
0.000000000000000000e+00
0.000000000000000000e+00
0.000000000000000000e+00
0.000000000000000000e+00
0.000000000000000000e+00
0.000000000000000000e+00
-3.147900000000000004e-02
0.000000000000000000e+00
-1.174260000000000061e-02
0.000000000000000000e+00
0.000000000000000000e+00
0.000000000000000000e+00
0.000000000000000000e+00
5.325609999999999511e-01
0.000000000000000000e+00
0.000000000000000000e+00
0.000000000000000000e+00
0.000000000000000000e+00
0.000000000000000000e+00
-2.469409999999999938e-01
0.000000000000000000e+00
0.000000000000000000e+00
0.000000000000000000e+00
0.000000000000000000e+00
0.000000000000000000e+00
0.000000000000000000e+00
0.000000000000000000e+00
0.000000000000000000e+00
0.000000000000000000e+00
0.000000000000000000e+00
0.000000000000000000e+00
0.000000000000000000e+00
8.269570000000000531e-01
0.000000000000000000e+00
2.784970000000000154e-02
0.000000000000000000e+00
0.000000000000000000e+00
0.000000000000000000e+00
0.000000000000000000e+00
0.000000000000000000e+00
0.000000000000000000e+00
0.000000000000000000e+00
-4.802750000000000075e-01
0.000000000000000000e+00
0.000000000000000000e+00
0.000000000000000000e+00
0.000000000000000000e+00
5.626560000000000450e-01
0.000000000000000000e+00
0.000000000000000000e+00
0.000000000000000000e+00
1.451530000000000042e-01
1.429990000000000094e+00
1.096939999999999998e-01
0.000000000000000000e+00
0.000000000000000000e+00
0.000000000000000000e+00
0.000000000000000000e+00
0.000000000000000000e+00
0.000000000000000000e+00
0.000000000000000000e+00
0.000000000000000000e+00
0.000000000000000000e+00
0.000000000000000000e+00
0.000000000000000000e+00
0.000000000000000000e+00
0.000000000000000000e+00
0.000000000000000000e+00
0.000000000000000000e+00
0.000000000000000000e+00
0.000000000000000000e+00
0.000000000000000000e+00
0.000000000000000000e+00
5.698940000000000117e-01
0.000000000000000000e+00
0.000000000000000000e+00
0.000000000000000000e+00
0.000000000000000000e+00
0.000000000000000000e+00
0.000000000000000000e+00
6.248639999999999750e-03
0.000000000000000000e+00
0.000000000000000000e+00
0.000000000000000000e+00
0.000000000000000000e+00
1.260400000000000131e-01
0.000000000000000000e+00
0.000000000000000000e+00
0.000000000000000000e+00
0.000000000000000000e+00
-1.055380000000000077e-03
0.000000000000000000e+00
0.000000000000000000e+00
0.000000000000000000e+00
0.000000000000000000e+00
3.760709999999999747e-02
0.000000000000000000e+00
0.000000000000000000e+00
0.000000000000000000e+00
0.000000000000000000e+00
0.000000000000000000e+00
0.000000000000000000e+00
0.000000000000000000e+00
0.000000000000000000e+00
0.000000000000000000e+00
0.000000000000000000e+00
0.000000000000000000e+00
0.000000000000000000e+00
0.000000000000000000e+00
6.149380000000000124e-02
0.000000000000000000e+00
0.000000000000000000e+00
0.000000000000000000e+00
0.000000000000000000e+00
0.000000000000000000e+00
6.233079999999999732e-01
0.000000000000000000e+00
0.000000000000000000e+00
0.000000000000000000e+00
0.000000000000000000e+00
0.000000000000000000e+00
-1.924810000000000132e-01
0.000000000000000000e+00
0.000000000000000000e+00
-4.165280000000000094e-01
2.831910000000000260e-01
0.000000000000000000e+00
0.000000000000000000e+00
0.000000000000000000e+00
0.000000000000000000e+00
-1.432749999999999996e-03
0.000000000000000000e+00
0.000000000000000000e+00
0.000000000000000000e+00
0.000000000000000000e+00
0.000000000000000000e+00
0.000000000000000000e+00
0.000000000000000000e+00
0.000000000000000000e+00
0.000000000000000000e+00
0.000000000000000000e+00
0.000000000000000000e+00
0.000000000000000000e+00
0.000000000000000000e+00
0.000000000000000000e+00
0.000000000000000000e+00
0.000000000000000000e+00
0.000000000000000000e+00
0.000000000000000000e+00
0.000000000000000000e+00
0.000000000000000000e+00
-1.571559999999999971e-02
0.000000000000000000e+00
0.000000000000000000e+00
0.000000000000000000e+00
0.000000000000000000e+00
0.000000000000000000e+00
0.000000000000000000e+00
0.000000000000000000e+00
0.000000000000000000e+00
0.000000000000000000e+00
0.000000000000000000e+00
0.000000000000000000e+00
0.000000000000000000e+00
0.000000000000000000e+00
0.000000000000000000e+00
0.000000000000000000e+00
0.000000000000000000e+00
0.000000000000000000e+00
-9.918489999999999807e-01
0.000000000000000000e+00
0.000000000000000000e+00
0.000000000000000000e+00
0.000000000000000000e+00
0.000000000000000000e+00
0.000000000000000000e+00
0.000000000000000000e+00
0.000000000000000000e+00
0.000000000000000000e+00
0.000000000000000000e+00
0.000000000000000000e+00
0.000000000000000000e+00
0.000000000000000000e+00
0.000000000000000000e+00
0.000000000000000000e+00
0.000000000000000000e+00
0.000000000000000000e+00
0.000000000000000000e+00
-1.035080000000000028e-01
0.000000000000000000e+00
0.000000000000000000e+00
0.000000000000000000e+00
0.000000000000000000e+00
4.464650000000000007e-01
0.000000000000000000e+00
0.000000000000000000e+00
0.000000000000000000e+00
0.000000000000000000e+00
0.000000000000000000e+00
0.000000000000000000e+00
0.000000000000000000e+00
4.201389999999999847e-01
0.000000000000000000e+00
0.000000000000000000e+00
0.000000000000000000e+00
0.000000000000000000e+00
0.000000000000000000e+00
0.000000000000000000e+00
0.000000000000000000e+00
0.000000000000000000e+00
0.000000000000000000e+00
0.000000000000000000e+00
0.000000000000000000e+00
-3.350119999999999765e-01
0.000000000000000000e+00
0.000000000000000000e+00
0.000000000000000000e+00
0.000000000000000000e+00
0.000000000000000000e+00
0.000000000000000000e+00
-5.718670000000000142e-01
-7.367440000000000100e-02
0.000000000000000000e+00
0.000000000000000000e+00
0.000000000000000000e+00
1.816049999999999887e-01
0.000000000000000000e+00
-2.469839999999999883e-02
0.000000000000000000e+00
2.886610000000000009e-01
-4.999419999999999975e-01
0.000000000000000000e+00
-8.510929999999999884e-01
0.000000000000000000e+00
-5.514399999999999857e-02
0.000000000000000000e+00
0.000000000000000000e+00
0.000000000000000000e+00
0.000000000000000000e+00
0.000000000000000000e+00
0.000000000000000000e+00
0.000000000000000000e+00
0.000000000000000000e+00
0.000000000000000000e+00
0.000000000000000000e+00
1.174940000000000012e-01
0.000000000000000000e+00
0.000000000000000000e+00
0.000000000000000000e+00
-4.423070000000000057e-01
0.000000000000000000e+00
0.000000000000000000e+00
0.000000000000000000e+00
0.000000000000000000e+00
0.000000000000000000e+00
0.000000000000000000e+00
0.000000000000000000e+00
0.000000000000000000e+00
0.000000000000000000e+00
0.000000000000000000e+00
0.000000000000000000e+00
0.000000000000000000e+00
0.000000000000000000e+00
0.000000000000000000e+00
0.000000000000000000e+00
-2.297790000000000110e-01
-4.500149999999999983e-01
-2.225200000000000095e-02
0.000000000000000000e+00
-2.729650000000000132e-01
0.000000000000000000e+00
-9.548389999999999933e-01
0.000000000000000000e+00
0.000000000000000000e+00
0.000000000000000000e+00
-4.279390000000000138e-01
-1.574669999999999959e-01
-3.984130000000000310e-02
0.000000000000000000e+00
0.000000000000000000e+00
-3.598839999999999678e-02
0.000000000000000000e+00
0.000000000000000000e+00
0.000000000000000000e+00
0.000000000000000000e+00
0.000000000000000000e+00
0.000000000000000000e+00
3.730530000000000235e-01
0.000000000000000000e+00
0.000000000000000000e+00
0.000000000000000000e+00
0.000000000000000000e+00
-2.424969999999999903e-01
0.000000000000000000e+00
0.000000000000000000e+00
0.000000000000000000e+00
0.000000000000000000e+00
0.000000000000000000e+00
0.000000000000000000e+00
5.435870000000000424e-01
0.000000000000000000e+00
0.000000000000000000e+00
0.000000000000000000e+00
0.000000000000000000e+00
0.000000000000000000e+00
0.000000000000000000e+00
0.000000000000000000e+00
0.000000000000000000e+00
0.000000000000000000e+00
0.000000000000000000e+00
0.000000000000000000e+00
0.000000000000000000e+00
0.000000000000000000e+00
0.000000000000000000e+00
0.000000000000000000e+00
0.000000000000000000e+00
1.497110000000000107e-01
0.000000000000000000e+00
0.000000000000000000e+00
-1.833220000000000127e-01
0.000000000000000000e+00
0.000000000000000000e+00
0.000000000000000000e+00
0.000000000000000000e+00
0.000000000000000000e+00
0.000000000000000000e+00
0.000000000000000000e+00
7.589679999999999691e-03
0.000000000000000000e+00
0.000000000000000000e+00
0.000000000000000000e+00
0.000000000000000000e+00
0.000000000000000000e+00
0.000000000000000000e+00
0.000000000000000000e+00
0.000000000000000000e+00
0.000000000000000000e+00
-9.371079999999999688e-02
0.000000000000000000e+00
-2.759650000000000158e-01
0.000000000000000000e+00
0.000000000000000000e+00
0.000000000000000000e+00
0.000000000000000000e+00
0.000000000000000000e+00
0.000000000000000000e+00
-3.745640000000000081e-01
0.000000000000000000e+00
-6.836619999999999919e-01
1.114969999999999989e-01
1.959990000000000065e-01
0.000000000000000000e+00
0.000000000000000000e+00
0.000000000000000000e+00
0.000000000000000000e+00
-1.378189999999999971e-01
0.000000000000000000e+00
-1.676340000000000052e-01
-9.603259999999999574e-02
0.000000000000000000e+00
-4.160659999999999914e-01
0.000000000000000000e+00
0.000000000000000000e+00
0.000000000000000000e+00
-3.604260000000000241e-01
0.000000000000000000e+00
0.000000000000000000e+00
0.000000000000000000e+00
-5.447300000000000475e-01
0.000000000000000000e+00
0.000000000000000000e+00
0.000000000000000000e+00
-3.413959999999999773e-01
-3.182969999999999966e-01
-3.919969999999999843e-01
0.000000000000000000e+00
1.032460000000000044e-01
0.000000000000000000e+00
0.000000000000000000e+00
0.000000000000000000e+00
0.000000000000000000e+00
-1.241339999999999943e-01
0.000000000000000000e+00
-1.509739999999999971e-01
-4.436860000000000248e-01
-3.293730000000000269e-01
-3.267070000000000252e-01
0.000000000000000000e+00
0.000000000000000000e+00
0.000000000000000000e+00
4.699099999999999944e-01
0.000000000000000000e+00
0.000000000000000000e+00
-1.357829999999999870e-01
0.000000000000000000e+00
-1.824860000000000093e-01
0.000000000000000000e+00
0.000000000000000000e+00
-1.678459999999999952e-01
0.000000000000000000e+00
0.000000000000000000e+00
0.000000000000000000e+00
-4.457900000000000057e-02
0.000000000000000000e+00
1.171709999999999974e-01
0.000000000000000000e+00
0.000000000000000000e+00
0.000000000000000000e+00
1.108289999999999970e-01
0.000000000000000000e+00
0.000000000000000000e+00
0.000000000000000000e+00
0.000000000000000000e+00
-2.814139999999999975e-01
-1.008359999999999951e-01
0.000000000000000000e+00
0.000000000000000000e+00
0.000000000000000000e+00
0.000000000000000000e+00
0.000000000000000000e+00
0.000000000000000000e+00
0.000000000000000000e+00
0.000000000000000000e+00
0.000000000000000000e+00
0.000000000000000000e+00
0.000000000000000000e+00
-1.280689999999999884e-01
-3.898639999999999883e-01
-1.591339999999999977e-01
0.000000000000000000e+00
0.000000000000000000e+00
0.000000000000000000e+00
0.000000000000000000e+00
0.000000000000000000e+00
0.000000000000000000e+00
-2.265340000000000131e-01
0.000000000000000000e+00
-1.732519999999999893e-01
0.000000000000000000e+00
0.000000000000000000e+00
-2.520400000000000071e-02
-8.225540000000000629e-02
0.000000000000000000e+00
0.000000000000000000e+00
0.000000000000000000e+00
0.000000000000000000e+00
0.000000000000000000e+00
0.000000000000000000e+00
0.000000000000000000e+00
0.000000000000000000e+00
0.000000000000000000e+00
0.000000000000000000e+00
0.000000000000000000e+00
0.000000000000000000e+00
0.000000000000000000e+00
0.000000000000000000e+00
0.000000000000000000e+00
0.000000000000000000e+00
0.000000000000000000e+00
0.000000000000000000e+00
0.000000000000000000e+00
0.000000000000000000e+00
0.000000000000000000e+00
-1.826500000000000068e-01
0.000000000000000000e+00
0.000000000000000000e+00
0.000000000000000000e+00
0.000000000000000000e+00
0.000000000000000000e+00
0.000000000000000000e+00
4.774189999999999823e-01
0.000000000000000000e+00
2.604000000000000065e-02
0.000000000000000000e+00
0.000000000000000000e+00
-7.338129999999999653e-02
0.000000000000000000e+00
0.000000000000000000e+00
-3.800080000000000124e-01
0.000000000000000000e+00
0.000000000000000000e+00
0.000000000000000000e+00
4.605460000000000109e-01
0.000000000000000000e+00
0.000000000000000000e+00
0.000000000000000000e+00
0.000000000000000000e+00
0.000000000000000000e+00
0.000000000000000000e+00
0.000000000000000000e+00
0.000000000000000000e+00
0.000000000000000000e+00
0.000000000000000000e+00
-5.484529999999999683e-01
0.000000000000000000e+00
-1.536220000000000085e-01
1.417670000000000041e-01
0.000000000000000000e+00
-2.829459999999999753e-01
0.000000000000000000e+00
0.000000000000000000e+00
-2.035559999999999869e-01
-2.142279999999999879e-02
0.000000000000000000e+00
-4.524179999999999868e-01
-3.160229999999999984e-01
0.000000000000000000e+00
-2.068579999999999863e-01
0.000000000000000000e+00
3.403240000000000154e-01
0.000000000000000000e+00
0.000000000000000000e+00
-6.756079999999999863e-01
-1.749799999999999967e-01
0.000000000000000000e+00
0.000000000000000000e+00
-1.485120000000000051e-01
0.000000000000000000e+00
-1.970790000000000042e-01
0.000000000000000000e+00
-1.171850000000000058e+00
6.913820000000000521e-01
-1.265529999999999988e-01
-4.017060000000000075e-01
-2.322130000000000027e-01
0.000000000000000000e+00
0.000000000000000000e+00
0.000000000000000000e+00
0.000000000000000000e+00
0.000000000000000000e+00
-1.080580000000000096e+00
0.000000000000000000e+00
-2.385460000000000080e-01
0.000000000000000000e+00
0.000000000000000000e+00
0.000000000000000000e+00
0.000000000000000000e+00
0.000000000000000000e+00
0.000000000000000000e+00
0.000000000000000000e+00
-1.065169999999999950e+00
0.000000000000000000e+00
0.000000000000000000e+00
0.000000000000000000e+00
0.000000000000000000e+00
-2.695710000000000051e-01
0.000000000000000000e+00
0.000000000000000000e+00
-6.615079999999999572e-02
-1.354569999999999941e-01
0.000000000000000000e+00
0.000000000000000000e+00
0.000000000000000000e+00
0.000000000000000000e+00
0.000000000000000000e+00
0.000000000000000000e+00
0.000000000000000000e+00
0.000000000000000000e+00
0.000000000000000000e+00
-4.139530000000000154e-01
0.000000000000000000e+00
0.000000000000000000e+00
0.000000000000000000e+00
3.351859999999999840e-01
0.000000000000000000e+00
0.000000000000000000e+00
-8.363919999999999688e-02
0.000000000000000000e+00
0.000000000000000000e+00
0.000000000000000000e+00
0.000000000000000000e+00
0.000000000000000000e+00
0.000000000000000000e+00
0.000000000000000000e+00
0.000000000000000000e+00
-9.491039999999999477e-01
-9.072589999999999821e-02
-2.491780000000000106e-01
9.699419999999999709e-01
0.000000000000000000e+00
0.000000000000000000e+00
-1.169839999999999991e+00
0.000000000000000000e+00
0.000000000000000000e+00
0.000000000000000000e+00
