0.000000000000000000e+00
0.000000000000000000e+00
2.769719999999999960e-01
0.000000000000000000e+00
0.000000000000000000e+00
2.908589999999999960e-03
0.000000000000000000e+00
1.856740000000000126e-02
0.000000000000000000e+00
-1.908789999999999931e-01
0.000000000000000000e+00
-1.076600000000000057e-01
0.000000000000000000e+00
4.077909999999999868e-02
0.000000000000000000e+00
0.000000000000000000e+00
0.000000000000000000e+00
0.000000000000000000e+00
0.000000000000000000e+00
0.000000000000000000e+00
4.282619999999999760e-01
-7.098269999999999580e-02
7.399660000000000126e-01
0.000000000000000000e+00
7.204249999999999717e-03
3.542199999999999793e-01
0.000000000000000000e+00
0.000000000000000000e+00
-2.009690000000000087e-01
3.286540000000000017e-01
6.345079999999999609e-01
0.000000000000000000e+00
-7.567049999999999610e-01
0.000000000000000000e+00
0.000000000000000000e+00
0.000000000000000000e+00
0.000000000000000000e+00
5.093980000000000175e-01
0.000000000000000000e+00
0.000000000000000000e+00
0.000000000000000000e+00
0.000000000000000000e+00
-4.260570000000000190e-01
-1.220399999999999929e+00
0.000000000000000000e+00
0.000000000000000000e+00
0.000000000000000000e+00
1.067790000000000059e-02
0.000000000000000000e+00
0.000000000000000000e+00
3.710209999999999897e-01
-6.341320000000000290e-01
0.000000000000000000e+00
-2.626850000000000018e-01
0.000000000000000000e+00
1.026839999999999975e-01
0.000000000000000000e+00
3.358929999999999971e-01
5.603139999999999787e-01
0.000000000000000000e+00
0.000000000000000000e+00
0.000000000000000000e+00
1.105339999999999989e+00
0.000000000000000000e+00
0.000000000000000000e+00
2.172979999999999912e-01
0.000000000000000000e+00
0.000000000000000000e+00
0.000000000000000000e+00
0.000000000000000000e+00
0.000000000000000000e+00
0.000000000000000000e+00
0.000000000000000000e+00
0.000000000000000000e+00
0.000000000000000000e+00
0.000000000000000000e+00
0.000000000000000000e+00
0.000000000000000000e+00
0.000000000000000000e+00
0.000000000000000000e+00
0.000000000000000000e+00
0.000000000000000000e+00
0.000000000000000000e+00
0.000000000000000000e+00
0.000000000000000000e+00
-7.314549999999999663e-01
0.000000000000000000e+00
0.000000000000000000e+00
0.000000000000000000e+00
0.000000000000000000e+00
0.000000000000000000e+00
0.000000000000000000e+00
0.000000000000000000e+00
0.000000000000000000e+00
5.156479999999999952e-01
0.000000000000000000e+00
0.000000000000000000e+00
0.000000000000000000e+00
0.000000000000000000e+00
0.000000000000000000e+00
0.000000000000000000e+00
0.000000000000000000e+00
0.000000000000000000e+00
0.000000000000000000e+00
0.000000000000000000e+00
0.000000000000000000e+00
0.000000000000000000e+00
3.377630000000000215e-02
7.754950000000000454e-01
0.000000000000000000e+00
0.000000000000000000e+00
0.000000000000000000e+00
-2.337760000000000116e-01
0.000000000000000000e+00
0.000000000000000000e+00
0.000000000000000000e+00
0.000000000000000000e+00
0.000000000000000000e+00
0.000000000000000000e+00
0.000000000000000000e+00
0.000000000000000000e+00
0.000000000000000000e+00
0.000000000000000000e+00
0.000000000000000000e+00
0.000000000000000000e+00
0.000000000000000000e+00
0.000000000000000000e+00
0.000000000000000000e+00
0.000000000000000000e+00
0.000000000000000000e+00
0.000000000000000000e+00
0.000000000000000000e+00
0.000000000000000000e+00
0.000000000000000000e+00
0.000000000000000000e+00
0.000000000000000000e+00
0.000000000000000000e+00
0.000000000000000000e+00
-2.946280000000000010e-01
0.000000000000000000e+00
0.000000000000000000e+00
0.000000000000000000e+00
0.000000000000000000e+00
0.000000000000000000e+00
0.000000000000000000e+00
0.000000000000000000e+00
1.086830000000000018e-01
0.000000000000000000e+00
0.000000000000000000e+00
0.000000000000000000e+00
0.000000000000000000e+00
0.000000000000000000e+00
0.000000000000000000e+00
0.000000000000000000e+00
0.000000000000000000e+00
0.000000000000000000e+00
0.000000000000000000e+00
0.000000000000000000e+00
0.000000000000000000e+00
0.000000000000000000e+00
0.000000000000000000e+00
0.000000000000000000e+00
0.000000000000000000e+00
0.000000000000000000e+00
1.428129999999999955e-01
0.000000000000000000e+00
0.000000000000000000e+00
0.000000000000000000e+00
0.000000000000000000e+00
0.000000000000000000e+00
0.000000000000000000e+00
0.000000000000000000e+00
2.489250000000000143e-02
-7.548249999999999682e-01
-3.418499999999999872e-01
0.000000000000000000e+00
0.000000000000000000e+00
0.000000000000000000e+00
0.000000000000000000e+00
3.477049999999999863e-01
0.000000000000000000e+00
0.000000000000000000e+00
0.000000000000000000e+00
0.000000000000000000e+00
0.000000000000000000e+00
0.000000000000000000e+00
0.000000000000000000e+00
0.000000000000000000e+00
0.000000000000000000e+00
0.000000000000000000e+00
0.000000000000000000e+00
0.000000000000000000e+00
4.581359999999999877e-01
0.000000000000000000e+00
0.000000000000000000e+00
0.000000000000000000e+00
0.000000000000000000e+00
1.052519999999999983e-01
0.000000000000000000e+00
0.000000000000000000e+00
0.000000000000000000e+00
0.000000000000000000e+00
0.000000000000000000e+00
0.000000000000000000e+00
7.796049999999999924e-01
0.000000000000000000e+00
0.000000000000000000e+00
0.000000000000000000e+00
0.000000000000000000e+00
0.000000000000000000e+00
0.000000000000000000e+00
0.000000000000000000e+00
0.000000000000000000e+00
0.000000000000000000e+00
0.000000000000000000e+00
0.000000000000000000e+00
0.000000000000000000e+00
2.859369999999999967e-01
0.000000000000000000e+00
0.000000000000000000e+00
0.000000000000000000e+00
0.000000000000000000e+00
0.000000000000000000e+00
0.000000000000000000e+00
0.000000000000000000e+00
0.000000000000000000e+00
0.000000000000000000e+00
0.000000000000000000e+00
0.000000000000000000e+00
0.000000000000000000e+00
0.000000000000000000e+00
0.000000000000000000e+00
2.010050000000000031e-02
0.000000000000000000e+00
0.000000000000000000e+00
0.000000000000000000e+00
0.000000000000000000e+00
0.000000000000000000e+00
0.000000000000000000e+00
0.000000000000000000e+00
0.000000000000000000e+00
0.000000000000000000e+00
0.000000000000000000e+00
0.000000000000000000e+00
0.000000000000000000e+00
0.000000000000000000e+00
0.000000000000000000e+00
0.000000000000000000e+00
0.000000000000000000e+00
0.000000000000000000e+00
0.000000000000000000e+00
0.000000000000000000e+00
0.000000000000000000e+00
0.000000000000000000e+00
-2.643449999999999966e-02
0.000000000000000000e+00
0.000000000000000000e+00
0.000000000000000000e+00
0.000000000000000000e+00
0.000000000000000000e+00
0.000000000000000000e+00
0.000000000000000000e+00
1.388889999999999916e-02
6.978380000000000694e-02
0.000000000000000000e+00
0.000000000000000000e+00
0.000000000000000000e+00
0.000000000000000000e+00
0.000000000000000000e+00
0.000000000000000000e+00
0.000000000000000000e+00
0.000000000000000000e+00
0.000000000000000000e+00
0.000000000000000000e+00
0.000000000000000000e+00
0.000000000000000000e+00
0.000000000000000000e+00
0.000000000000000000e+00
-1.042300000000000032e-01
0.000000000000000000e+00
0.000000000000000000e+00
1.559649999999999925e-01
0.000000000000000000e+00
0.000000000000000000e+00
0.000000000000000000e+00
0.000000000000000000e+00
2.651040000000000063e-01
0.000000000000000000e+00
0.000000000000000000e+00
0.000000000000000000e+00
0.000000000000000000e+00
0.000000000000000000e+00
0.000000000000000000e+00
0.000000000000000000e+00
0.000000000000000000e+00
0.000000000000000000e+00
0.000000000000000000e+00
0.000000000000000000e+00
0.000000000000000000e+00
0.000000000000000000e+00
0.000000000000000000e+00
-1.013700000000000045e+00
0.000000000000000000e+00
0.000000000000000000e+00
0.000000000000000000e+00
-6.618070000000000341e-01
-1.867800000000000016e-01
0.000000000000000000e+00
0.000000000000000000e+00
0.000000000000000000e+00
0.000000000000000000e+00
0.000000000000000000e+00
0.000000000000000000e+00
0.000000000000000000e+00
0.000000000000000000e+00
0.000000000000000000e+00
0.000000000000000000e+00
0.000000000000000000e+00
0.000000000000000000e+00
0.000000000000000000e+00
0.000000000000000000e+00
0.000000000000000000e+00
0.000000000000000000e+00
0.000000000000000000e+00
0.000000000000000000e+00
6.186530000000000085e-01
0.000000000000000000e+00
4.172809999999999714e-02
0.000000000000000000e+00
0.000000000000000000e+00
0.000000000000000000e+00
0.000000000000000000e+00
0.000000000000000000e+00
0.000000000000000000e+00
-1.656179999999999874e-01
-2.314279999999999948e-01
0.000000000000000000e+00
3.442870000000000097e-01
0.000000000000000000e+00
-7.459029999999999827e-01
0.000000000000000000e+00
0.000000000000000000e+00
-2.955720000000000014e-01
0.000000000000000000e+00
0.000000000000000000e+00
0.000000000000000000e+00
0.000000000000000000e+00
0.000000000000000000e+00
0.000000000000000000e+00
0.000000000000000000e+00
0.000000000000000000e+00
0.000000000000000000e+00
0.000000000000000000e+00
0.000000000000000000e+00
0.000000000000000000e+00
0.000000000000000000e+00
0.000000000000000000e+00
0.000000000000000000e+00
0.000000000000000000e+00
0.000000000000000000e+00
0.000000000000000000e+00
0.000000000000000000e+00
-5.252559999999999452e-01
0.000000000000000000e+00
0.000000000000000000e+00
0.000000000000000000e+00
0.000000000000000000e+00
0.000000000000000000e+00
0.000000000000000000e+00
0.000000000000000000e+00
-5.586139999999999856e-02
0.000000000000000000e+00
0.000000000000000000e+00
0.000000000000000000e+00
0.000000000000000000e+00
0.000000000000000000e+00
0.000000000000000000e+00
0.000000000000000000e+00
0.000000000000000000e+00
8.005039999999999933e-01
1.360560000000000068e-02
0.000000000000000000e+00
0.000000000000000000e+00
0.000000000000000000e+00
0.000000000000000000e+00
1.251270000000000104e+00
0.000000000000000000e+00
0.000000000000000000e+00
0.000000000000000000e+00
0.000000000000000000e+00
0.000000000000000000e+00
0.000000000000000000e+00
0.000000000000000000e+00
0.000000000000000000e+00
0.000000000000000000e+00
0.000000000000000000e+00
0.000000000000000000e+00
0.000000000000000000e+00
0.000000000000000000e+00
0.000000000000000000e+00
0.000000000000000000e+00
0.000000000000000000e+00
0.000000000000000000e+00
0.000000000000000000e+00
0.000000000000000000e+00
3.734100000000000197e-01
0.000000000000000000e+00
0.000000000000000000e+00
0.000000000000000000e+00
0.000000000000000000e+00
1.043260000000000076e+00
7.745319999999999983e-02
0.000000000000000000e+00
1.978749999999999953e-01
0.000000000000000000e+00
0.000000000000000000e+00
0.000000000000000000e+00
-2.959010000000000251e-01
1.066740000000000049e-01
3.055430000000000090e-01
0.000000000000000000e+00
4.014929999999999888e-01
-2.131750000000000034e-01
0.000000000000000000e+00
0.000000000000000000e+00
0.000000000000000000e+00
0.000000000000000000e+00
9.917150000000000132e-01
0.000000000000000000e+00
0.000000000000000000e+00
0.000000000000000000e+00
0.000000000000000000e+00
0.000000000000000000e+00
0.000000000000000000e+00
0.000000000000000000e+00
0.000000000000000000e+00
0.000000000000000000e+00
0.000000000000000000e+00
0.000000000000000000e+00
9.878149999999999431e-02
0.000000000000000000e+00
0.000000000000000000e+00
0.000000000000000000e+00
0.000000000000000000e+00
0.000000000000000000e+00
0.000000000000000000e+00
0.000000000000000000e+00
0.000000000000000000e+00
0.000000000000000000e+00
0.000000000000000000e+00
0.000000000000000000e+00
-1.078449999999999964e-01
0.000000000000000000e+00
0.000000000000000000e+00
0.000000000000000000e+00
0.000000000000000000e+00
0.000000000000000000e+00
0.000000000000000000e+00
0.000000000000000000e+00
0.000000000000000000e+00
0.000000000000000000e+00
-9.874340000000000339e-01
0.000000000000000000e+00
0.000000000000000000e+00
0.000000000000000000e+00
0.000000000000000000e+00
0.000000000000000000e+00
0.000000000000000000e+00
0.000000000000000000e+00
0.000000000000000000e+00
0.000000000000000000e+00
0.000000000000000000e+00
0.000000000000000000e+00
0.000000000000000000e+00
0.000000000000000000e+00
0.000000000000000000e+00
0.000000000000000000e+00
0.000000000000000000e+00
0.000000000000000000e+00
0.000000000000000000e+00
0.000000000000000000e+00
0.000000000000000000e+00
0.000000000000000000e+00
0.000000000000000000e+00
0.000000000000000000e+00
1.071399999999999991e-01
0.000000000000000000e+00
0.000000000000000000e+00
6.397380000000000289e-01
0.000000000000000000e+00
-3.356140000000000234e-01
0.000000000000000000e+00
1.167709999999999998e-01
0.000000000000000000e+00
0.000000000000000000e+00
0.000000000000000000e+00
4.345600000000000018e-01
7.389460000000000472e-02
3.479920000000000235e-01
3.175709999999999922e-01
0.000000000000000000e+00
0.000000000000000000e+00
0.000000000000000000e+00
0.000000000000000000e+00
1.020270000000000010e+00
0.000000000000000000e+00
0.000000000000000000e+00
-2.917930000000000246e-01
0.000000000000000000e+00
0.000000000000000000e+00
2.912759999999999794e-01
5.668429999999999858e-01
2.243700000000000139e-01
0.000000000000000000e+00
1.474679999999999991e+00
0.000000000000000000e+00
0.000000000000000000e+00
1.302589999999999915e+00
0.000000000000000000e+00
1.198360000000000092e+00
1.349660000000000026e-01
0.000000000000000000e+00
0.000000000000000000e+00
0.000000000000000000e+00
0.000000000000000000e+00
3.294810000000000239e-01
0.000000000000000000e+00
0.000000000000000000e+00
0.000000000000000000e+00
0.000000000000000000e+00
0.000000000000000000e+00
3.392660000000000120e-01
0.000000000000000000e+00
4.545529999999999848e-01
0.000000000000000000e+00
0.000000000000000000e+00
0.000000000000000000e+00
7.110649999999999471e-01
0.000000000000000000e+00
1.778180000000000038e-01
0.000000000000000000e+00
0.000000000000000000e+00
6.829420000000000490e-01
5.459519999999999929e-01
0.000000000000000000e+00
2.708920000000000217e-01
-3.267430000000000057e-01
4.535270000000000135e-01
0.000000000000000000e+00
0.000000000000000000e+00
0.000000000000000000e+00
0.000000000000000000e+00
0.000000000000000000e+00
0.000000000000000000e+00
-1.081389999999999990e-01
5.834340000000000082e-01
0.000000000000000000e+00
-1.033679999999999932e+00
0.000000000000000000e+00
0.000000000000000000e+00
0.000000000000000000e+00
7.953549999999999509e-02
0.000000000000000000e+00
0.000000000000000000e+00
0.000000000000000000e+00
2.731890000000000152e-01
4.482869999999999910e-01
2.799420000000000242e-01
0.000000000000000000e+00
0.000000000000000000e+00
0.000000000000000000e+00
0.000000000000000000e+00
0.000000000000000000e+00
0.000000000000000000e+00
0.000000000000000000e+00
0.000000000000000000e+00
0.000000000000000000e+00
0.000000000000000000e+00
0.000000000000000000e+00
0.000000000000000000e+00
0.000000000000000000e+00
0.000000000000000000e+00
0.000000000000000000e+00
0.000000000000000000e+00
0.000000000000000000e+00
0.000000000000000000e+00
1.516289999999999916e+00
0.000000000000000000e+00
1.950109999999999899e-01
2.219939999999999969e-01
0.000000000000000000e+00
3.299750000000000183e-01
0.000000000000000000e+00
0.000000000000000000e+00
3.923400000000000221e-01
0.000000000000000000e+00
0.000000000000000000e+00
0.000000000000000000e+00
0.000000000000000000e+00
1.160810000000000036e-01
0.000000000000000000e+00
0.000000000000000000e+00
0.000000000000000000e+00
-1.458740000000000037e-01
-1.353370000000000128e-01
0.000000000000000000e+00
5.370519999999999738e-01
0.000000000000000000e+00
0.000000000000000000e+00
0.000000000000000000e+00
1.099210000000000020e+00
8.341579999999999551e-01
7.216930000000000289e-01
0.000000000000000000e+00
0.000000000000000000e+00
5.138629999999999587e-01
1.097830000000000084e+00
7.627289999999999903e-01
0.000000000000000000e+00
0.000000000000000000e+00
4.935129999999999795e-01
0.000000000000000000e+00
0.000000000000000000e+00
2.704550000000000010e-01
0.000000000000000000e+00
0.000000000000000000e+00
0.000000000000000000e+00
0.000000000000000000e+00
0.000000000000000000e+00
1.219080000000000025e-01
0.000000000000000000e+00
3.021570000000000089e-01
0.000000000000000000e+00
1.027310000000000029e-01
0.000000000000000000e+00
5.895679999999999810e-01
0.000000000000000000e+00
0.000000000000000000e+00
0.000000000000000000e+00
5.743019999999999792e-01
0.000000000000000000e+00
1.137180000000000080e+00
3.425699999999999856e-01
0.000000000000000000e+00
-2.406619999999999870e-01
1.112660000000000038e-01
8.978450000000000319e-02
0.000000000000000000e+00
0.000000000000000000e+00
0.000000000000000000e+00
0.000000000000000000e+00
0.000000000000000000e+00
0.000000000000000000e+00
0.000000000000000000e+00
2.438659999999999994e-01
0.000000000000000000e+00
0.000000000000000000e+00
0.000000000000000000e+00
0.000000000000000000e+00
0.000000000000000000e+00
0.000000000000000000e+00
3.215609999999999857e-01
7.796049999999999924e-01
1.366590000000000027e-01
6.493130000000000290e-01
8.974130000000000162e-01
0.000000000000000000e+00
0.000000000000000000e+00
-4.883500000000000063e-01
0.000000000000000000e+00
0.000000000000000000e+00
6.461360000000000436e-01
3.848590000000000066e-01
0.000000000000000000e+00
0.000000000000000000e+00
7.404910000000000103e-01
0.000000000000000000e+00
0.000000000000000000e+00
0.000000000000000000e+00
7.829099999999999948e-01
-6.638150000000000439e-01
0.000000000000000000e+00
0.000000000000000000e+00
6.183429999999999760e-01
2.210330000000000072e-01
0.000000000000000000e+00
0.000000000000000000e+00
0.000000000000000000e+00
0.000000000000000000e+00
0.000000000000000000e+00
0.000000000000000000e+00
0.000000000000000000e+00
0.000000000000000000e+00
2.315699999999999981e-01
0.000000000000000000e+00
1.003700000000000009e-01
0.000000000000000000e+00
0.000000000000000000e+00
0.000000000000000000e+00
0.000000000000000000e+00
0.000000000000000000e+00
0.000000000000000000e+00
6.760580000000000478e-01
1.902280000000000082e-01
2.963199999999999723e-01
0.000000000000000000e+00
1.398659999999999903e-01
0.000000000000000000e+00
0.000000000000000000e+00
0.000000000000000000e+00
2.429469999999999963e-01
9.580480000000000107e-01
1.529689999999999999e-03
2.541189999999999838e-01
3.387029999999999763e-01
1.200080000000000036e-01
0.000000000000000000e+00
0.000000000000000000e+00
0.000000000000000000e+00
0.000000000000000000e+00
0.000000000000000000e+00
0.000000000000000000e+00
0.000000000000000000e+00
5.508739999999999748e-01
0.000000000000000000e+00
0.000000000000000000e+00
0.000000000000000000e+00
0.000000000000000000e+00
-1.938870000000000038e-01
0.000000000000000000e+00
0.000000000000000000e+00
0.000000000000000000e+00
0.000000000000000000e+00
-1.817269999999999996e-01
-4.918750000000000067e-01
0.000000000000000000e+00
0.000000000000000000e+00
0.000000000000000000e+00
-1.406709999999999905e-01
0.000000000000000000e+00
0.000000000000000000e+00
0.000000000000000000e+00
0.000000000000000000e+00
-5.055070000000000396e-01
0.000000000000000000e+00
0.000000000000000000e+00
0.000000000000000000e+00
0.000000000000000000e+00
0.000000000000000000e+00
-1.655820000000000070e+00
0.000000000000000000e+00
0.000000000000000000e+00
0.000000000000000000e+00
0.000000000000000000e+00
0.000000000000000000e+00
0.000000000000000000e+00
-5.834650000000000253e-02
0.000000000000000000e+00
0.000000000000000000e+00
0.000000000000000000e+00
-3.252329999999999943e-01
-1.454529999999999990e-01
0.000000000000000000e+00
-1.180210000000000009e-01
-8.825490000000000279e-01
0.000000000000000000e+00
-5.481139999999999901e-01
0.000000000000000000e+00
0.000000000000000000e+00
0.000000000000000000e+00
0.000000000000000000e+00
3.144210000000000060e-02
0.000000000000000000e+00
-2.808649999999999758e-01
0.000000000000000000e+00
0.000000000000000000e+00
5.583500000000000130e-01
0.000000000000000000e+00
-6.422710000000000363e-01
0.000000000000000000e+00
0.000000000000000000e+00
0.000000000000000000e+00
0.000000000000000000e+00
-3.601920000000000122e-01
0.000000000000000000e+00
0.000000000000000000e+00
1.213540000000000035e-01
-3.046360000000000179e-01
0.000000000000000000e+00
-3.206410000000000093e-01
-3.429579999999999851e-01
0.000000000000000000e+00
0.000000000000000000e+00
0.000000000000000000e+00
-7.049239999999999950e-01
0.000000000000000000e+00
-4.771870000000000278e-02
0.000000000000000000e+00
0.000000000000000000e+00
0.000000000000000000e+00
0.000000000000000000e+00
0.000000000000000000e+00
-3.383959999999999746e-01
0.000000000000000000e+00
0.000000000000000000e+00
0.000000000000000000e+00
-1.001489999999999991e+00
0.000000000000000000e+00
0.000000000000000000e+00
0.000000000000000000e+00
0.000000000000000000e+00
0.000000000000000000e+00
-1.904510000000000092e-01
-2.758590000000000209e-01
0.000000000000000000e+00
0.000000000000000000e+00
-4.255499999999999838e-01
0.000000000000000000e+00
-9.500999999999999723e-02
0.000000000000000000e+00
-5.708220000000000516e-01
0.000000000000000000e+00
-1.082419999999999938e+00
0.000000000000000000e+00
0.000000000000000000e+00
-9.190710000000000546e-02
0.000000000000000000e+00
-8.175309999999999522e-02
0.000000000000000000e+00
0.000000000000000000e+00
0.000000000000000000e+00
0.000000000000000000e+00
0.000000000000000000e+00
0.000000000000000000e+00
0.000000000000000000e+00
0.000000000000000000e+00
0.000000000000000000e+00
0.000000000000000000e+00
0.000000000000000000e+00
0.000000000000000000e+00
0.000000000000000000e+00
0.000000000000000000e+00
-6.066930000000000378e-01
-1.050880000000000009e-01
0.000000000000000000e+00
0.000000000000000000e+00
0.000000000000000000e+00
-5.487919999999999465e-01
-1.532620000000000093e-01
0.000000000000000000e+00
0.000000000000000000e+00
0.000000000000000000e+00
-7.909690000000000332e-01
0.000000000000000000e+00
-2.494300000000000128e-01
-3.279239999999999933e-02
-9.348619999999999708e-01
5.238260000000000138e-02
0.000000000000000000e+00
0.000000000000000000e+00
0.000000000000000000e+00
0.000000000000000000e+00
0.000000000000000000e+00
0.000000000000000000e+00
0.000000000000000000e+00
0.000000000000000000e+00
0.000000000000000000e+00
-5.957719999999999683e-01
0.000000000000000000e+00
-2.690890000000000226e-01
0.000000000000000000e+00
0.000000000000000000e+00
0.000000000000000000e+00
0.000000000000000000e+00
-4.490920000000000328e-02
0.000000000000000000e+00
-1.949579999999999924e-01
-3.695439999999999836e-01
0.000000000000000000e+00
0.000000000000000000e+00
0.000000000000000000e+00
0.000000000000000000e+00
0.000000000000000000e+00
0.000000000000000000e+00
0.000000000000000000e+00
0.000000000000000000e+00
0.000000000000000000e+00
0.000000000000000000e+00
0.000000000000000000e+00
0.000000000000000000e+00
0.000000000000000000e+00
-3.024719999999999853e+00
-3.201479999999999881e-01
0.000000000000000000e+00
0.000000000000000000e+00
0.000000000000000000e+00
0.000000000000000000e+00
0.000000000000000000e+00
3.363030000000000186e-02
-3.685760000000000147e-01
0.000000000000000000e+00
-3.070539999999999936e-01
0.000000000000000000e+00
0.000000000000000000e+00
0.000000000000000000e+00
-7.260349999999999859e-01
-6.401759999999999673e-01
0.000000000000000000e+00
3.326850000000000085e-01
-5.055640000000000134e-01
0.000000000000000000e+00
-3.096079999999999943e-01
-1.168310000000000043e-01
0.000000000000000000e+00
0.000000000000000000e+00
0.000000000000000000e+00
0.000000000000000000e+00
-9.257670000000000066e-01
0.000000000000000000e+00
-2.291270000000000112e-02
0.000000000000000000e+00
0.000000000000000000e+00
0.000000000000000000e+00
0.000000000000000000e+00
0.000000000000000000e+00
0.000000000000000000e+00
0.000000000000000000e+00
0.000000000000000000e+00
0.000000000000000000e+00
0.000000000000000000e+00
0.000000000000000000e+00
0.000000000000000000e+00
0.000000000000000000e+00
0.000000000000000000e+00
0.000000000000000000e+00
0.000000000000000000e+00
0.000000000000000000e+00
-6.026740000000000430e-01
0.000000000000000000e+00
0.000000000000000000e+00
0.000000000000000000e+00
0.000000000000000000e+00
0.000000000000000000e+00
0.000000000000000000e+00
-2.651660000000000128e-01
1.161620000000000097e+00
-4.381249999999999728e-02
0.000000000000000000e+00
0.000000000000000000e+00
0.000000000000000000e+00
-7.198450000000000681e-02
-9.797329999999999650e-01
-8.018540000000000390e-02
0.000000000000000000e+00
0.000000000000000000e+00
0.000000000000000000e+00
0.000000000000000000e+00
0.000000000000000000e+00
-5.954610000000000181e-01
0.000000000000000000e+00
0.000000000000000000e+00
2.305599999999999872e-01
-4.285800000000000026e-02
2.810079999999999800e-01
2.674489999999999854e-02
0.000000000000000000e+00
0.000000000000000000e+00
0.000000000000000000e+00
0.000000000000000000e+00
0.000000000000000000e+00
0.000000000000000000e+00
0.000000000000000000e+00
0.000000000000000000e+00
-5.541329999999999867e-01
-4.116960000000000064e-02
2.261100000000000054e-01
0.000000000000000000e+00
0.000000000000000000e+00
0.000000000000000000e+00
0.000000000000000000e+00
0.000000000000000000e+00
0.000000000000000000e+00
0.000000000000000000e+00
0.000000000000000000e+00
-9.152780000000000638e-02
-4.352860000000000062e-01
0.000000000000000000e+00
0.000000000000000000e+00
0.000000000000000000e+00
0.000000000000000000e+00
0.000000000000000000e+00
0.000000000000000000e+00
0.000000000000000000e+00
0.000000000000000000e+00
0.000000000000000000e+00
0.000000000000000000e+00
3.104649999999999910e-01
-1.585290000000000032e-01
0.000000000000000000e+00
4.436069999999999736e-01
0.000000000000000000e+00
0.000000000000000000e+00
0.000000000000000000e+00
0.000000000000000000e+00
-1.755170000000000063e-01
0.000000000000000000e+00
0.000000000000000000e+00
0.000000000000000000e+00
0.000000000000000000e+00
-6.780840000000000201e-01
0.000000000000000000e+00
0.000000000000000000e+00
0.000000000000000000e+00
0.000000000000000000e+00
0.000000000000000000e+00
0.000000000000000000e+00
-2.880110000000000170e-01
0.000000000000000000e+00
-6.597870000000000124e-01
0.000000000000000000e+00
-5.154710000000000125e-01
0.000000000000000000e+00
0.000000000000000000e+00
0.000000000000000000e+00
0.000000000000000000e+00
0.000000000000000000e+00
0.000000000000000000e+00
0.000000000000000000e+00
0.000000000000000000e+00
0.000000000000000000e+00
0.000000000000000000e+00
0.000000000000000000e+00
0.000000000000000000e+00
0.000000000000000000e+00
4.964930000000000176e-01
0.000000000000000000e+00
0.000000000000000000e+00
3.853449999999999931e-02
-1.303120000000000112e-01
0.000000000000000000e+00
0.000000000000000000e+00
-1.220399999999999929e+00
0.000000000000000000e+00
0.000000000000000000e+00
0.000000000000000000e+00
0.000000000000000000e+00
0.000000000000000000e+00
0.000000000000000000e+00
0.000000000000000000e+00
0.000000000000000000e+00
0.000000000000000000e+00
0.000000000000000000e+00
0.000000000000000000e+00
-3.842720000000000025e-01
0.000000000000000000e+00
0.000000000000000000e+00
0.000000000000000000e+00
0.000000000000000000e+00
0.000000000000000000e+00
0.000000000000000000e+00
-5.152940000000000298e-01
0.000000000000000000e+00
2.773939999999999739e-01
-1.032459999999999933e+00
0.000000000000000000e+00
0.000000000000000000e+00
-8.753170000000000117e-01
0.000000000000000000e+00
0.000000000000000000e+00
3.967970000000000351e-03
0.000000000000000000e+00
0.000000000000000000e+00
-8.065630000000000299e-01
0.000000000000000000e+00
0.000000000000000000e+00
0.000000000000000000e+00
0.000000000000000000e+00
0.000000000000000000e+00
0.000000000000000000e+00
0.000000000000000000e+00
0.000000000000000000e+00
0.000000000000000000e+00
0.000000000000000000e+00
0.000000000000000000e+00
0.000000000000000000e+00
0.000000000000000000e+00
0.000000000000000000e+00
0.000000000000000000e+00
0.000000000000000000e+00
0.000000000000000000e+00
0.000000000000000000e+00
0.000000000000000000e+00
0.000000000000000000e+00
-2.551569999999999880e-02
-8.166339999999999710e-01
0.000000000000000000e+00
0.000000000000000000e+00
0.000000000000000000e+00
0.000000000000000000e+00
0.000000000000000000e+00
0.000000000000000000e+00
0.000000000000000000e+00
0.000000000000000000e+00
0.000000000000000000e+00
0.000000000000000000e+00
0.000000000000000000e+00
0.000000000000000000e+00
-2.124389999999999890e-01
0.000000000000000000e+00
0.000000000000000000e+00
0.000000000000000000e+00
0.000000000000000000e+00
0.000000000000000000e+00
0.000000000000000000e+00
0.000000000000000000e+00
7.082819999999999672e-01
0.000000000000000000e+00
0.000000000000000000e+00
0.000000000000000000e+00
-1.243209999999999926e+00
-2.562220000000000053e-01
0.000000000000000000e+00
0.000000000000000000e+00
0.000000000000000000e+00
0.000000000000000000e+00
0.000000000000000000e+00
-4.638450000000000073e-01
8.241079999999999517e-01
0.000000000000000000e+00
0.000000000000000000e+00
0.000000000000000000e+00
3.353180000000000049e-01
-1.819580000000000086e-01
0.000000000000000000e+00
0.000000000000000000e+00
1.169599999999999945e-01
0.000000000000000000e+00
0.000000000000000000e+00
0.000000000000000000e+00
0.000000000000000000e+00
0.000000000000000000e+00
1.952450000000000019e-01
0.000000000000000000e+00
-1.630479999999999929e+00
-8.499109999999999721e-01
0.000000000000000000e+00
0.000000000000000000e+00
0.000000000000000000e+00
-5.449270000000000502e-01
-9.471849999999999714e-02
0.000000000000000000e+00
0.000000000000000000e+00
2.239990000000000037e-01
0.000000000000000000e+00
1.689799999999999969e+00
0.000000000000000000e+00
0.000000000000000000e+00
0.000000000000000000e+00
0.000000000000000000e+00
0.000000000000000000e+00
0.000000000000000000e+00
0.000000000000000000e+00
0.000000000000000000e+00
0.000000000000000000e+00
0.000000000000000000e+00
0.000000000000000000e+00
0.000000000000000000e+00
0.000000000000000000e+00
0.000000000000000000e+00
0.000000000000000000e+00
0.000000000000000000e+00
0.000000000000000000e+00
0.000000000000000000e+00
0.000000000000000000e+00
0.000000000000000000e+00
-5.507800000000000473e-01
0.000000000000000000e+00
0.000000000000000000e+00
0.000000000000000000e+00
9.673340000000000272e-01
0.000000000000000000e+00
0.000000000000000000e+00
0.000000000000000000e+00
0.000000000000000000e+00
0.000000000000000000e+00
-6.263580000000000536e-02
0.000000000000000000e+00
4.842219999999999858e-01
0.000000000000000000e+00
0.000000000000000000e+00
0.000000000000000000e+00
0.000000000000000000e+00
0.000000000000000000e+00
0.000000000000000000e+00
0.000000000000000000e+00
0.000000000000000000e+00
0.000000000000000000e+00
0.000000000000000000e+00
0.000000000000000000e+00
0.000000000000000000e+00
0.000000000000000000e+00
0.000000000000000000e+00
-3.159810000000000119e-01
0.000000000000000000e+00
0.000000000000000000e+00
0.000000000000000000e+00
-1.019430000000000058e+00
0.000000000000000000e+00
0.000000000000000000e+00
0.000000000000000000e+00
