9.140019999999999811e-01
5.928080000000000016e-01
0.000000000000000000e+00
0.000000000000000000e+00
0.000000000000000000e+00
-4.843700000000000228e-01
0.000000000000000000e+00
-3.362419999999999853e-01
0.000000000000000000e+00
0.000000000000000000e+00
0.000000000000000000e+00
7.871139999999999803e-01
0.000000000000000000e+00
-9.233230000000000603e-02
0.000000000000000000e+00
0.000000000000000000e+00
0.000000000000000000e+00
8.879410000000000081e-02
1.069360000000000088e+00
0.000000000000000000e+00
0.000000000000000000e+00
-2.131270000000000109e-01
7.295989999999999594e-03
4.256570000000000076e-01
0.000000000000000000e+00
-1.290490000000000040e-02
0.000000000000000000e+00
0.000000000000000000e+00
-1.492290000000000005e-01
3.025570000000000204e-01
2.354639999999999844e+00
0.000000000000000000e+00
-8.521439999999999571e-02
-3.568169999999999953e-01
0.000000000000000000e+00
0.000000000000000000e+00
0.000000000000000000e+00
1.135450000000000070e+00
0.000000000000000000e+00
0.000000000000000000e+00
-2.884780000000000122e-01
0.000000000000000000e+00
0.000000000000000000e+00
-4.352610000000000090e-01
0.000000000000000000e+00
0.000000000000000000e+00
0.000000000000000000e+00
9.963899999999999979e-01
0.000000000000000000e+00
-3.657279999999999975e-01
0.000000000000000000e+00
0.000000000000000000e+00
0.000000000000000000e+00
0.000000000000000000e+00
-3.667770000000000197e-01
-1.239819999999999950e-01
0.000000000000000000e+00
0.000000000000000000e+00
8.722050000000000081e-01
0.000000000000000000e+00
0.000000000000000000e+00
0.000000000000000000e+00
4.739010000000000167e-01
0.000000000000000000e+00
0.000000000000000000e+00
1.993570000000000064e-01
0.000000000000000000e+00
0.000000000000000000e+00
0.000000000000000000e+00
0.000000000000000000e+00
0.000000000000000000e+00
0.000000000000000000e+00
2.558779999999999943e-01
0.000000000000000000e+00
0.000000000000000000e+00
-6.671939999999999538e-01
0.000000000000000000e+00
0.000000000000000000e+00
0.000000000000000000e+00
0.000000000000000000e+00
0.000000000000000000e+00
0.000000000000000000e+00
0.000000000000000000e+00
0.000000000000000000e+00
0.000000000000000000e+00
-5.399239999999999595e-01
0.000000000000000000e+00
0.000000000000000000e+00
0.000000000000000000e+00
0.000000000000000000e+00
0.000000000000000000e+00
0.000000000000000000e+00
0.000000000000000000e+00
0.000000000000000000e+00
1.339040000000000022e-02
0.000000000000000000e+00
0.000000000000000000e+00
0.000000000000000000e+00
-1.667579999999999896e-01
0.000000000000000000e+00
0.000000000000000000e+00
0.000000000000000000e+00
0.000000000000000000e+00
0.000000000000000000e+00
0.000000000000000000e+00
0.000000000000000000e+00
0.000000000000000000e+00
-1.256740000000000079e-01
0.000000000000000000e+00
-3.165879999999999805e-01
0.000000000000000000e+00
0.000000000000000000e+00
7.256669999999999510e-01
0.000000000000000000e+00
0.000000000000000000e+00
0.000000000000000000e+00
0.000000000000000000e+00
0.000000000000000000e+00
0.000000000000000000e+00
0.000000000000000000e+00
0.000000000000000000e+00
0.000000000000000000e+00
0.000000000000000000e+00
0.000000000000000000e+00
0.000000000000000000e+00
0.000000000000000000e+00
0.000000000000000000e+00
0.000000000000000000e+00
0.000000000000000000e+00
0.000000000000000000e+00
0.000000000000000000e+00
0.000000000000000000e+00
0.000000000000000000e+00
0.000000000000000000e+00
0.000000000000000000e+00
0.000000000000000000e+00
0.000000000000000000e+00
0.000000000000000000e+00
0.000000000000000000e+00
0.000000000000000000e+00
0.000000000000000000e+00
0.000000000000000000e+00
0.000000000000000000e+00
0.000000000000000000e+00
0.000000000000000000e+00
-2.311110000000000109e-01
0.000000000000000000e+00
0.000000000000000000e+00
0.000000000000000000e+00
0.000000000000000000e+00
0.000000000000000000e+00
0.000000000000000000e+00
0.000000000000000000e+00
0.000000000000000000e+00
0.000000000000000000e+00
3.972820000000000240e-01
-4.366479999999999806e-01
0.000000000000000000e+00
0.000000000000000000e+00
0.000000000000000000e+00
0.000000000000000000e+00
0.000000000000000000e+00
0.000000000000000000e+00
0.000000000000000000e+00
3.634510000000000240e-01
0.000000000000000000e+00
0.000000000000000000e+00
0.000000000000000000e+00
0.000000000000000000e+00
0.000000000000000000e+00
9.558520000000000350e-01
0.000000000000000000e+00
4.782069999999999932e-01
1.610820000000000030e-01
0.000000000000000000e+00
0.000000000000000000e+00
0.000000000000000000e+00
0.000000000000000000e+00
0.000000000000000000e+00
0.000000000000000000e+00
0.000000000000000000e+00
0.000000000000000000e+00
0.000000000000000000e+00
0.000000000000000000e+00
0.000000000000000000e+00
0.000000000000000000e+00
0.000000000000000000e+00
0.000000000000000000e+00
0.000000000000000000e+00
0.000000000000000000e+00
0.000000000000000000e+00
0.000000000000000000e+00
1.404590000000000005e+00
-6.103389999999999649e-01
0.000000000000000000e+00
2.182089999999999863e-01
0.000000000000000000e+00
0.000000000000000000e+00
0.000000000000000000e+00
0.000000000000000000e+00
0.000000000000000000e+00
0.000000000000000000e+00
0.000000000000000000e+00
-4.868230000000000057e-01
5.005070000000000352e-01
0.000000000000000000e+00
0.000000000000000000e+00
0.000000000000000000e+00
-1.906370000000000009e-01
0.000000000000000000e+00
0.000000000000000000e+00
0.000000000000000000e+00
0.000000000000000000e+00
0.000000000000000000e+00
0.000000000000000000e+00
0.000000000000000000e+00
0.000000000000000000e+00
4.190450000000000008e-01
0.000000000000000000e+00
0.000000000000000000e+00
0.000000000000000000e+00
0.000000000000000000e+00
0.000000000000000000e+00
0.000000000000000000e+00
0.000000000000000000e+00
1.310810000000000031e-01
0.000000000000000000e+00
0.000000000000000000e+00
0.000000000000000000e+00
0.000000000000000000e+00
0.000000000000000000e+00
0.000000000000000000e+00
-3.725160000000000138e-01
0.000000000000000000e+00
0.000000000000000000e+00
0.000000000000000000e+00
0.000000000000000000e+00
0.000000000000000000e+00
0.000000000000000000e+00
0.000000000000000000e+00
0.000000000000000000e+00
0.000000000000000000e+00
0.000000000000000000e+00
0.000000000000000000e+00
0.000000000000000000e+00
0.000000000000000000e+00
0.000000000000000000e+00
0.000000000000000000e+00
0.000000000000000000e+00
0.000000000000000000e+00
0.000000000000000000e+00
0.000000000000000000e+00
0.000000000000000000e+00
0.000000000000000000e+00
0.000000000000000000e+00
0.000000000000000000e+00
0.000000000000000000e+00
0.000000000000000000e+00
0.000000000000000000e+00
0.000000000000000000e+00
0.000000000000000000e+00
0.000000000000000000e+00
1.149469999999999992e+00
-1.061420000000000030e+00
0.000000000000000000e+00
0.000000000000000000e+00
0.000000000000000000e+00
0.000000000000000000e+00
0.000000000000000000e+00
0.000000000000000000e+00
0.000000000000000000e+00
0.000000000000000000e+00
0.000000000000000000e+00
0.000000000000000000e+00
0.000000000000000000e+00
0.000000000000000000e+00
0.000000000000000000e+00
-4.703550000000000231e-01
-1.920939999999999870e-01
1.834039999999999893e+00
0.000000000000000000e+00
4.988770000000000149e-01
-3.633170000000000011e-01
0.000000000000000000e+00
0.000000000000000000e+00
-8.997030000000000305e-01
0.000000000000000000e+00
0.000000000000000000e+00
0.000000000000000000e+00
0.000000000000000000e+00
0.000000000000000000e+00
0.000000000000000000e+00
0.000000000000000000e+00
0.000000000000000000e+00
0.000000000000000000e+00
0.000000000000000000e+00
0.000000000000000000e+00
0.000000000000000000e+00
0.000000000000000000e+00
0.000000000000000000e+00
0.000000000000000000e+00
0.000000000000000000e+00
0.000000000000000000e+00
0.000000000000000000e+00
2.486609999999999931e-01
0.000000000000000000e+00
0.000000000000000000e+00
0.000000000000000000e+00
1.314069999999999960e-01
-8.962330000000000296e-02
0.000000000000000000e+00
0.000000000000000000e+00
0.000000000000000000e+00
0.000000000000000000e+00
0.000000000000000000e+00
0.000000000000000000e+00
0.000000000000000000e+00
0.000000000000000000e+00
0.000000000000000000e+00
0.000000000000000000e+00
0.000000000000000000e+00
0.000000000000000000e+00
0.000000000000000000e+00
0.000000000000000000e+00
0.000000000000000000e+00
6.586530000000000440e-01
-2.163259999999999905e-01
1.532660000000000133e-01
5.679849999999999621e-01
0.000000000000000000e+00
0.000000000000000000e+00
0.000000000000000000e+00
0.000000000000000000e+00
0.000000000000000000e+00
6.497969999999999580e-01
3.914670000000000094e-01
-2.712419999999999831e-01
7.572910000000000474e-01
0.000000000000000000e+00
0.000000000000000000e+00
0.000000000000000000e+00
0.000000000000000000e+00
0.000000000000000000e+00
0.000000000000000000e+00
-1.103330000000000005e-01
0.000000000000000000e+00
0.000000000000000000e+00
0.000000000000000000e+00
3.323869999999999880e-01
0.000000000000000000e+00
0.000000000000000000e+00
0.000000000000000000e+00
0.000000000000000000e+00
0.000000000000000000e+00
0.000000000000000000e+00
0.000000000000000000e+00
0.000000000000000000e+00
-2.646299999999999764e-01
-5.381329999999999725e-01
0.000000000000000000e+00
0.000000000000000000e+00
0.000000000000000000e+00
0.000000000000000000e+00
0.000000000000000000e+00
0.000000000000000000e+00
0.000000000000000000e+00
0.000000000000000000e+00
0.000000000000000000e+00
-8.615739999999999510e-01
0.000000000000000000e+00
0.000000000000000000e+00
0.000000000000000000e+00
0.000000000000000000e+00
0.000000000000000000e+00
0.000000000000000000e+00
0.000000000000000000e+00
0.000000000000000000e+00
0.000000000000000000e+00
-2.502400000000000180e-01
2.454119999999999913e-02
4.726119999999999766e-01
6.388509999999999467e-01
0.000000000000000000e+00
0.000000000000000000e+00
0.000000000000000000e+00
1.466220000000000079e+00
0.000000000000000000e+00
0.000000000000000000e+00
-2.220119999999999871e-01
0.000000000000000000e+00
0.000000000000000000e+00
0.000000000000000000e+00
0.000000000000000000e+00
1.987100000000000088e+00
0.000000000000000000e+00
0.000000000000000000e+00
0.000000000000000000e+00
0.000000000000000000e+00
0.000000000000000000e+00
0.000000000000000000e+00
0.000000000000000000e+00
1.012500000000000067e-01
0.000000000000000000e+00
0.000000000000000000e+00
-1.809499999999999997e-01
3.014270000000000005e-01
0.000000000000000000e+00
0.000000000000000000e+00
0.000000000000000000e+00
0.000000000000000000e+00
6.592479999999999452e-01
4.285419999999999785e-01
-3.474960000000000271e-01
0.000000000000000000e+00
0.000000000000000000e+00
0.000000000000000000e+00
0.000000000000000000e+00
-1.054820000000000063e-01
4.080699999999999883e-01
0.000000000000000000e+00
-8.772980000000000222e-01
1.699160000000000115e-01
-7.078589999999999882e-02
0.000000000000000000e+00
0.000000000000000000e+00
-4.772429999999999728e-01
0.000000000000000000e+00
2.889810000000000212e+00
-8.068950000000000289e-01
0.000000000000000000e+00
0.000000000000000000e+00
0.000000000000000000e+00
0.000000000000000000e+00
0.000000000000000000e+00
0.000000000000000000e+00
0.000000000000000000e+00
0.000000000000000000e+00
2.558719999999999883e-01
0.000000000000000000e+00
0.000000000000000000e+00
1.702690000000000037e-01
0.000000000000000000e+00
0.000000000000000000e+00
0.000000000000000000e+00
0.000000000000000000e+00
0.000000000000000000e+00
0.000000000000000000e+00
0.000000000000000000e+00
0.000000000000000000e+00
0.000000000000000000e+00
0.000000000000000000e+00
-5.381329999999999725e-01
-4.141509999999999914e-01
0.000000000000000000e+00
0.000000000000000000e+00
0.000000000000000000e+00
0.000000000000000000e+00
0.000000000000000000e+00
6.635290000000000354e-01
-5.376319999999999710e-02
-5.478650000000000464e-01
0.000000000000000000e+00
0.000000000000000000e+00
0.000000000000000000e+00
0.000000000000000000e+00
0.000000000000000000e+00
0.000000000000000000e+00
0.000000000000000000e+00
0.000000000000000000e+00
0.000000000000000000e+00
0.000000000000000000e+00
0.000000000000000000e+00
0.000000000000000000e+00
0.000000000000000000e+00
0.000000000000000000e+00
7.167999999999999927e-01
0.000000000000000000e+00
0.000000000000000000e+00
0.000000000000000000e+00
1.124169999999999892e+00
0.000000000000000000e+00
0.000000000000000000e+00
0.000000000000000000e+00
0.000000000000000000e+00
3.327200000000000157e-01
0.000000000000000000e+00
0.000000000000000000e+00
2.783410000000000051e-02
5.470260000000000122e-01
0.000000000000000000e+00
0.000000000000000000e+00
-1.253950000000000065e-01
8.831600000000000561e-02
-1.036849999999999994e-01
9.626220000000000609e-02
0.000000000000000000e+00
0.000000000000000000e+00
-6.433859999999999579e-02
3.313440000000000274e-01
6.190550000000000219e-01
0.000000000000000000e+00
0.000000000000000000e+00
7.777589999999999781e-01
0.000000000000000000e+00
1.810270000000000046e+00
0.000000000000000000e+00
0.000000000000000000e+00
0.000000000000000000e+00
0.000000000000000000e+00
0.000000000000000000e+00
1.587539999999999951e+00
0.000000000000000000e+00
0.000000000000000000e+00
0.000000000000000000e+00
7.281879999999999464e-01
0.000000000000000000e+00
0.000000000000000000e+00
0.000000000000000000e+00
0.000000000000000000e+00
0.000000000000000000e+00
-3.934329999999999772e-02
0.000000000000000000e+00
0.000000000000000000e+00
0.000000000000000000e+00
0.000000000000000000e+00
0.000000000000000000e+00
0.000000000000000000e+00
0.000000000000000000e+00
0.000000000000000000e+00
0.000000000000000000e+00
0.000000000000000000e+00
4.856360000000000121e-01
0.000000000000000000e+00
0.000000000000000000e+00
0.000000000000000000e+00
0.000000000000000000e+00
0.000000000000000000e+00
0.000000000000000000e+00
0.000000000000000000e+00
0.000000000000000000e+00
0.000000000000000000e+00
0.000000000000000000e+00
4.932949999999999835e-02
0.000000000000000000e+00
0.000000000000000000e+00
6.670089999999999630e-01
0.000000000000000000e+00
3.783889999999999754e-01
0.000000000000000000e+00
0.000000000000000000e+00
0.000000000000000000e+00
0.000000000000000000e+00
0.000000000000000000e+00
0.000000000000000000e+00
4.139320000000000221e-01
6.372560000000000446e-01
2.681000000000000050e-01
0.000000000000000000e+00
0.000000000000000000e+00
-3.556969999999999854e-01
2.361010000000000053e-01
3.071749999999999758e-01
0.000000000000000000e+00
0.000000000000000000e+00
0.000000000000000000e+00
0.000000000000000000e+00
3.009580000000000033e-01
0.000000000000000000e+00
0.000000000000000000e+00
0.000000000000000000e+00
0.000000000000000000e+00
0.000000000000000000e+00
0.000000000000000000e+00
4.261230000000000399e-03
0.000000000000000000e+00
0.000000000000000000e+00
0.000000000000000000e+00
0.000000000000000000e+00
0.000000000000000000e+00
0.000000000000000000e+00
0.000000000000000000e+00
1.273900000000000032e+00
0.000000000000000000e+00
0.000000000000000000e+00
0.000000000000000000e+00
0.000000000000000000e+00
5.900900000000000034e-01
0.000000000000000000e+00
2.276900000000000104e-02
8.637169999999999570e-01
0.000000000000000000e+00
0.000000000000000000e+00
-2.690190000000000081e-01
9.736160000000000370e-01
3.961009999999999809e-01
0.000000000000000000e+00
0.000000000000000000e+00
0.000000000000000000e+00
0.000000000000000000e+00
0.000000000000000000e+00
0.000000000000000000e+00
4.909750000000000225e-02
0.000000000000000000e+00
0.000000000000000000e+00
-2.745949999999999780e-01
0.000000000000000000e+00
1.357339999999999991e+00
6.677990000000000315e-01
0.000000000000000000e+00
2.979570000000000274e-01
0.000000000000000000e+00
0.000000000000000000e+00
1.424539999999999917e+00
0.000000000000000000e+00
0.000000000000000000e+00
8.723049999999999971e-01
0.000000000000000000e+00
0.000000000000000000e+00
0.000000000000000000e+00
1.683089999999999864e-01
1.113949999999999996e+00
0.000000000000000000e+00
2.582320000000000171e-01
0.000000000000000000e+00
-1.753619999999999832e-02
0.000000000000000000e+00
0.000000000000000000e+00
0.000000000000000000e+00
0.000000000000000000e+00
2.356459999999999944e-01
0.000000000000000000e+00
1.693449999999999955e-01
0.000000000000000000e+00
0.000000000000000000e+00
0.000000000000000000e+00
1.474129999999999885e-01
0.000000000000000000e+00
0.000000000000000000e+00
0.000000000000000000e+00
1.220110000000000028e+00
0.000000000000000000e+00
6.685309999999999864e-01
4.132419999999999843e-02
0.000000000000000000e+00
-3.483999999999999875e-01
0.000000000000000000e+00
0.000000000000000000e+00
0.000000000000000000e+00
0.000000000000000000e+00
0.000000000000000000e+00
0.000000000000000000e+00
1.414779999999999927e+00
7.523260000000000502e-01
0.000000000000000000e+00
0.000000000000000000e+00
0.000000000000000000e+00
0.000000000000000000e+00
5.150850000000000151e-01
0.000000000000000000e+00
1.953789999999999971e-01
0.000000000000000000e+00
0.000000000000000000e+00
1.461870000000000003e+00
0.000000000000000000e+00
2.812459999999999960e-01
2.100470000000000115e-01
0.000000000000000000e+00
0.000000000000000000e+00
0.000000000000000000e+00
0.000000000000000000e+00
8.762529999999999486e-01
3.536000000000000254e-01
1.225119999999999987e+00
0.000000000000000000e+00
0.000000000000000000e+00
0.000000000000000000e+00
4.400379999999999847e-01
8.838000000000000300e-01
0.000000000000000000e+00
5.824399999999999578e-01
0.000000000000000000e+00
0.000000000000000000e+00
0.000000000000000000e+00
6.405840000000000423e-01
0.000000000000000000e+00
0.000000000000000000e+00
0.000000000000000000e+00
0.000000000000000000e+00
0.000000000000000000e+00
0.000000000000000000e+00
0.000000000000000000e+00
0.000000000000000000e+00
0.000000000000000000e+00
0.000000000000000000e+00
0.000000000000000000e+00
1.231130000000000058e+00
0.000000000000000000e+00
-6.585040000000000338e-02
3.596960000000000157e-01
0.000000000000000000e+00
0.000000000000000000e+00
0.000000000000000000e+00
0.000000000000000000e+00
0.000000000000000000e+00
4.444370000000000265e-01
0.000000000000000000e+00
0.000000000000000000e+00
0.000000000000000000e+00
0.000000000000000000e+00
0.000000000000000000e+00
6.241200000000000081e-01
1.592789999999999928e+00
7.943670000000000453e-01
0.000000000000000000e+00
6.987109999999999710e-01
2.460340000000000027e-01
2.586080000000000045e-01
0.000000000000000000e+00
0.000000000000000000e+00
0.000000000000000000e+00
0.000000000000000000e+00
0.000000000000000000e+00
0.000000000000000000e+00
1.335159999999999902e+00
1.351300000000000071e-02
0.000000000000000000e+00
0.000000000000000000e+00
0.000000000000000000e+00
0.000000000000000000e+00
0.000000000000000000e+00
0.000000000000000000e+00
0.000000000000000000e+00
0.000000000000000000e+00
1.477739999999999887e-01
-3.375079999999999747e-01
0.000000000000000000e+00
4.071319999999999939e-01
0.000000000000000000e+00
-5.873540000000000011e-02
0.000000000000000000e+00
0.000000000000000000e+00
0.000000000000000000e+00
0.000000000000000000e+00
0.000000000000000000e+00
0.000000000000000000e+00
0.000000000000000000e+00
2.616890000000000188e-03
0.000000000000000000e+00
0.000000000000000000e+00
-1.353000000000000036e-01
0.000000000000000000e+00
5.042100000000000470e-01
0.000000000000000000e+00
0.000000000000000000e+00
0.000000000000000000e+00
0.000000000000000000e+00
0.000000000000000000e+00
0.000000000000000000e+00
-5.381329999999999725e-01
4.761929999999999774e-01
-2.398629999999999929e-01
0.000000000000000000e+00
0.000000000000000000e+00
0.000000000000000000e+00
0.000000000000000000e+00
0.000000000000000000e+00
-1.787140000000000117e-01
0.000000000000000000e+00
0.000000000000000000e+00
0.000000000000000000e+00
0.000000000000000000e+00
-1.322249999999999988e-02
0.000000000000000000e+00
0.000000000000000000e+00
0.000000000000000000e+00
0.000000000000000000e+00
2.046360000000000123e-01
0.000000000000000000e+00
0.000000000000000000e+00
0.000000000000000000e+00
0.000000000000000000e+00
0.000000000000000000e+00
0.000000000000000000e+00
0.000000000000000000e+00
0.000000000000000000e+00
0.000000000000000000e+00
7.243650000000000366e-01
0.000000000000000000e+00
2.532900000000000082e-02
-1.113650000000000029e+00
0.000000000000000000e+00
0.000000000000000000e+00
0.000000000000000000e+00
0.000000000000000000e+00
-5.381329999999999725e-01
0.000000000000000000e+00
3.863099999999999867e-01
0.000000000000000000e+00
0.000000000000000000e+00
0.000000000000000000e+00
0.000000000000000000e+00
0.000000000000000000e+00
0.000000000000000000e+00
0.000000000000000000e+00
0.000000000000000000e+00
0.000000000000000000e+00
0.000000000000000000e+00
0.000000000000000000e+00
0.000000000000000000e+00
0.000000000000000000e+00
1.538960000000000106e+00
0.000000000000000000e+00
0.000000000000000000e+00
-4.330160000000000120e-01
0.000000000000000000e+00
4.351869999999999905e-01
0.000000000000000000e+00
-6.583940000000000348e-01
0.000000000000000000e+00
0.000000000000000000e+00
0.000000000000000000e+00
0.000000000000000000e+00
-1.029489999999999988e-01
0.000000000000000000e+00
3.767750000000000266e-02
0.000000000000000000e+00
0.000000000000000000e+00
-3.231540000000000107e-02
0.000000000000000000e+00
0.000000000000000000e+00
0.000000000000000000e+00
0.000000000000000000e+00
0.000000000000000000e+00
0.000000000000000000e+00
0.000000000000000000e+00
0.000000000000000000e+00
0.000000000000000000e+00
0.000000000000000000e+00
0.000000000000000000e+00
2.969330000000000025e-01
0.000000000000000000e+00
-5.252280000000000282e-01
-5.935070000000000068e-01
0.000000000000000000e+00
0.000000000000000000e+00
0.000000000000000000e+00
-1.790539999999999909e-01
2.634239999999999915e-01
0.000000000000000000e+00
-3.309880000000000044e-01
0.000000000000000000e+00
0.000000000000000000e+00
-4.812379999999999991e-01
0.000000000000000000e+00
1.297139999999999960e-01
3.747820000000000040e-01
1.816939999999999875e-02
0.000000000000000000e+00
0.000000000000000000e+00
-6.169759999999999828e-02
0.000000000000000000e+00
0.000000000000000000e+00
0.000000000000000000e+00
0.000000000000000000e+00
0.000000000000000000e+00
0.000000000000000000e+00
0.000000000000000000e+00
0.000000000000000000e+00
0.000000000000000000e+00
0.000000000000000000e+00
0.000000000000000000e+00
0.000000000000000000e+00
0.000000000000000000e+00
0.000000000000000000e+00
0.000000000000000000e+00
9.937570000000000014e-01
0.000000000000000000e+00
0.000000000000000000e+00
0.000000000000000000e+00
0.000000000000000000e+00
1.612190000000000012e+00
0.000000000000000000e+00
0.000000000000000000e+00
0.000000000000000000e+00
0.000000000000000000e+00
0.000000000000000000e+00
0.000000000000000000e+00
0.000000000000000000e+00
0.000000000000000000e+00
0.000000000000000000e+00
-2.026750000000000079e-02
0.000000000000000000e+00
-1.814089999999999973e-03
-9.767119999999999969e-02
5.360730000000000217e-01
0.000000000000000000e+00
-1.464380000000000015e+00
0.000000000000000000e+00
0.000000000000000000e+00
0.000000000000000000e+00
-1.345310000000000006e+00
-2.941280000000000006e-01
0.000000000000000000e+00
0.000000000000000000e+00
0.000000000000000000e+00
-1.367120000000000002e-01
0.000000000000000000e+00
0.000000000000000000e+00
0.000000000000000000e+00
0.000000000000000000e+00
0.000000000000000000e+00
-7.709679999999999311e-02
6.355959999999999388e-02
0.000000000000000000e+00
-4.253799999999999804e-01
0.000000000000000000e+00
0.000000000000000000e+00
-7.400780000000000136e-01
0.000000000000000000e+00
0.000000000000000000e+00
0.000000000000000000e+00
0.000000000000000000e+00
0.000000000000000000e+00
0.000000000000000000e+00
0.000000000000000000e+00
0.000000000000000000e+00
0.000000000000000000e+00
0.000000000000000000e+00
0.000000000000000000e+00
0.000000000000000000e+00
0.000000000000000000e+00
0.000000000000000000e+00
0.000000000000000000e+00
0.000000000000000000e+00
0.000000000000000000e+00
0.000000000000000000e+00
0.000000000000000000e+00
0.000000000000000000e+00
0.000000000000000000e+00
0.000000000000000000e+00
0.000000000000000000e+00
0.000000000000000000e+00
0.000000000000000000e+00
0.000000000000000000e+00
0.000000000000000000e+00
1.433019999999999960e+00
-3.723899999999999988e-01
0.000000000000000000e+00
0.000000000000000000e+00
0.000000000000000000e+00
0.000000000000000000e+00
-8.305759999999999810e-01
0.000000000000000000e+00
0.000000000000000000e+00
0.000000000000000000e+00
0.000000000000000000e+00
0.000000000000000000e+00
0.000000000000000000e+00
0.000000000000000000e+00
0.000000000000000000e+00
0.000000000000000000e+00
9.300460000000000393e-01
-6.331820000000000226e-01
3.827619999999999911e-01
-6.089010000000000256e-02
0.000000000000000000e+00
0.000000000000000000e+00
0.000000000000000000e+00
0.000000000000000000e+00
0.000000000000000000e+00
0.000000000000000000e+00
-5.104370000000000296e-01
0.000000000000000000e+00
-5.252280000000000282e-01
-2.897810000000000108e-01
4.987550000000000039e-01
-5.050780000000000269e-01
0.000000000000000000e+00
0.000000000000000000e+00
0.000000000000000000e+00
-1.315199999999999980e-01
0.000000000000000000e+00
0.000000000000000000e+00
-2.247929999999999928e-01
0.000000000000000000e+00
-2.445209999999999884e+00
0.000000000000000000e+00
0.000000000000000000e+00
0.000000000000000000e+00
-6.279949999999999699e-01
0.000000000000000000e+00
0.000000000000000000e+00
0.000000000000000000e+00
-1.266569999999999974e+00
0.000000000000000000e+00
-7.393509999999999804e-01
-1.951289999999999969e-01
-2.483430000000000082e-01
0.000000000000000000e+00
2.237270000000000092e-01
0.000000000000000000e+00
0.000000000000000000e+00
0.000000000000000000e+00
0.000000000000000000e+00
5.160730000000000178e-02
0.000000000000000000e+00
0.000000000000000000e+00
-4.373090000000000033e-01
0.000000000000000000e+00
-1.022959999999999980e-01
0.000000000000000000e+00
0.000000000000000000e+00
-8.333959999999999979e-02
-2.872020000000000128e-01
0.000000000000000000e+00
3.638159999999999727e-01
-9.243940000000000490e-02
0.000000000000000000e+00
-5.501350000000000406e-01
2.808410000000000073e-01
-2.240729999999999944e-01
0.000000000000000000e+00
0.000000000000000000e+00
-2.192240000000000022e-01
0.000000000000000000e+00
0.000000000000000000e+00
0.000000000000000000e+00
-1.687309999999999921e-01
-3.215839999999999671e-02
-2.054350000000000065e-01
0.000000000000000000e+00
0.000000000000000000e+00
0.000000000000000000e+00
0.000000000000000000e+00
3.130220000000000224e-01
0.000000000000000000e+00
-1.230350000000000055e+00
-6.038559999999999484e-01
0.000000000000000000e+00
0.000000000000000000e+00
-1.921190000000000120e-01
-9.036889999999999645e-01
0.000000000000000000e+00
0.000000000000000000e+00
0.000000000000000000e+00
0.000000000000000000e+00
0.000000000000000000e+00
0.000000000000000000e+00
0.000000000000000000e+00
0.000000000000000000e+00
-2.327369999999999994e-01
-8.555610000000000159e-01
-9.585590000000000499e-01
-1.287020000000000108e-01
0.000000000000000000e+00
0.000000000000000000e+00
0.000000000000000000e+00
0.000000000000000000e+00
0.000000000000000000e+00
0.000000000000000000e+00
0.000000000000000000e+00
-2.751819999999999822e-01
1.980300000000000116e-01
0.000000000000000000e+00
0.000000000000000000e+00
0.000000000000000000e+00
-2.421030000000000126e-01
0.000000000000000000e+00
0.000000000000000000e+00
0.000000000000000000e+00
0.000000000000000000e+00
0.000000000000000000e+00
-7.623790000000000289e-01
0.000000000000000000e+00
0.000000000000000000e+00
9.832259999999999611e-02
0.000000000000000000e+00
0.000000000000000000e+00
0.000000000000000000e+00
0.000000000000000000e+00
0.000000000000000000e+00
0.000000000000000000e+00
0.000000000000000000e+00
0.000000000000000000e+00
0.000000000000000000e+00
0.000000000000000000e+00
0.000000000000000000e+00
0.000000000000000000e+00
-2.957859999999999934e-01
0.000000000000000000e+00
0.000000000000000000e+00
0.000000000000000000e+00
-1.781260000000000135e-02
0.000000000000000000e+00
0.000000000000000000e+00
0.000000000000000000e+00
0.000000000000000000e+00
0.000000000000000000e+00
0.000000000000000000e+00
0.000000000000000000e+00
0.000000000000000000e+00
0.000000000000000000e+00
0.000000000000000000e+00
-5.842660000000000214e-02
0.000000000000000000e+00
0.000000000000000000e+00
0.000000000000000000e+00
-1.613650000000000154e-02
-2.629439999999999902e-02
0.000000000000000000e+00
0.000000000000000000e+00
-1.937049999999999883e-01
-5.195330000000000226e-01
0.000000000000000000e+00
0.000000000000000000e+00
0.000000000000000000e+00
-7.361919999999999575e-01
0.000000000000000000e+00
0.000000000000000000e+00
-9.362949999999999884e-01
-7.335120000000000529e-01
-5.840819999999999901e-01
0.000000000000000000e+00
-2.813370000000000037e-01
0.000000000000000000e+00
0.000000000000000000e+00
-7.687589999999999701e-01
0.000000000000000000e+00
0.000000000000000000e+00
-5.381329999999999725e-01
0.000000000000000000e+00
-5.001980000000000315e-01
0.000000000000000000e+00
0.000000000000000000e+00
0.000000000000000000e+00
0.000000000000000000e+00
0.000000000000000000e+00
-1.992380000000000040e+00
-2.812169999999999948e-01
0.000000000000000000e+00
0.000000000000000000e+00
0.000000000000000000e+00
-1.038640000000000008e+00
-4.710880000000000067e-01
-9.516799999999999704e-01
-2.540140000000000176e-01
0.000000000000000000e+00
-6.177070000000000061e-01
-1.750709999999999988e+00
-2.836529999999999885e-01
0.000000000000000000e+00
0.000000000000000000e+00
0.000000000000000000e+00
0.000000000000000000e+00
0.000000000000000000e+00
0.000000000000000000e+00
0.000000000000000000e+00
-1.372349999999999959e-01
-1.088370000000000060e+00
0.000000000000000000e+00
0.000000000000000000e+00
0.000000000000000000e+00
0.000000000000000000e+00
-6.744630000000000347e-01
0.000000000000000000e+00
-2.521920000000000273e-01
0.000000000000000000e+00
0.000000000000000000e+00
0.000000000000000000e+00
0.000000000000000000e+00
4.539409999999999973e-02
0.000000000000000000e+00
0.000000000000000000e+00
-4.326510000000000078e-01
0.000000000000000000e+00
0.000000000000000000e+00
0.000000000000000000e+00
-9.462030000000000163e-01
-4.044350000000000028e-02
3.384179999999999966e-01
-2.616890000000000188e-03
0.000000000000000000e+00
1.031369999999999898e+00
0.000000000000000000e+00
0.000000000000000000e+00
-1.071639999999999954e-01
0.000000000000000000e+00
0.000000000000000000e+00
-7.744089999999999308e-02
0.000000000000000000e+00
0.000000000000000000e+00
0.000000000000000000e+00
0.000000000000000000e+00
-3.677560000000000273e-01
0.000000000000000000e+00
0.000000000000000000e+00
0.000000000000000000e+00
0.000000000000000000e+00
0.000000000000000000e+00
-7.967410000000000325e-01
2.327369999999999994e-01
0.000000000000000000e+00
-2.062579999999999969e-01
0.000000000000000000e+00
0.000000000000000000e+00
0.000000000000000000e+00
-5.600500000000000478e-01
0.000000000000000000e+00
0.000000000000000000e+00
0.000000000000000000e+00
