-1.120889999999999942e-01
-5.896329999999999627e-01
0.000000000000000000e+00
-6.625149999999999650e-01
0.000000000000000000e+00
-8.458980000000000665e-02
0.000000000000000000e+00
-2.000490000000000046e-01
4.253460000000000019e-01
0.000000000000000000e+00
0.000000000000000000e+00
0.000000000000000000e+00
2.095260000000000122e+00
0.000000000000000000e+00
0.000000000000000000e+00
-1.540710000000000135e-01
0.000000000000000000e+00
0.000000000000000000e+00
1.780720000000000081e+00
0.000000000000000000e+00
0.000000000000000000e+00
-1.577149999999999941e-01
-6.710450000000000026e-01
2.267039999999999889e-01
0.000000000000000000e+00
-4.815059999999999896e-01
3.907539999999999902e-01
0.000000000000000000e+00
-1.014229999999999993e-01
-5.174029999999999463e-01
0.000000000000000000e+00
2.126800000000000079e-01
0.000000000000000000e+00
0.000000000000000000e+00
0.000000000000000000e+00
0.000000000000000000e+00
0.000000000000000000e+00
-5.037760000000000016e-01
0.000000000000000000e+00
0.000000000000000000e+00
0.000000000000000000e+00
0.000000000000000000e+00
0.000000000000000000e+00
3.889179999999999721e-02
0.000000000000000000e+00
0.000000000000000000e+00
-1.130370000000000097e+00
0.000000000000000000e+00
0.000000000000000000e+00
-2.977400000000000047e-01
-1.984210000000000029e+00
0.000000000000000000e+00
0.000000000000000000e+00
4.559469999999999912e-01
3.969520000000000270e-01
1.554220000000000046e-01
0.000000000000000000e+00
-2.146599999999999897e-01
-5.696510000000000185e-01
0.000000000000000000e+00
0.000000000000000000e+00
0.000000000000000000e+00
-2.116699999999999970e-01
0.000000000000000000e+00
4.601729999999999710e-02
-2.981340000000000101e-01
0.000000000000000000e+00
0.000000000000000000e+00
0.000000000000000000e+00
0.000000000000000000e+00
0.000000000000000000e+00
0.000000000000000000e+00
0.000000000000000000e+00
-5.209789999999999699e-01
0.000000000000000000e+00
-2.738609999999999989e+00
0.000000000000000000e+00
0.000000000000000000e+00
0.000000000000000000e+00
0.000000000000000000e+00
0.000000000000000000e+00
0.000000000000000000e+00
9.523909999999999876e-01
-6.886489999999999556e-01
0.000000000000000000e+00
5.165490000000000359e-01
0.000000000000000000e+00
-1.360999999999999988e-01
0.000000000000000000e+00
0.000000000000000000e+00
0.000000000000000000e+00
0.000000000000000000e+00
0.000000000000000000e+00
0.000000000000000000e+00
-1.657920000000000060e+00
-3.507990000000000275e-01
0.000000000000000000e+00
0.000000000000000000e+00
0.000000000000000000e+00
0.000000000000000000e+00
0.000000000000000000e+00
0.000000000000000000e+00
0.000000000000000000e+00
-6.769500000000000517e-01
-2.233729999999999993e+00
0.000000000000000000e+00
0.000000000000000000e+00
-4.562990000000000101e-01
0.000000000000000000e+00
0.000000000000000000e+00
0.000000000000000000e+00
0.000000000000000000e+00
4.169390000000000041e-01
0.000000000000000000e+00
0.000000000000000000e+00
0.000000000000000000e+00
0.000000000000000000e+00
0.000000000000000000e+00
0.000000000000000000e+00
0.000000000000000000e+00
0.000000000000000000e+00
0.000000000000000000e+00
0.000000000000000000e+00
0.000000000000000000e+00
0.000000000000000000e+00
0.000000000000000000e+00
0.000000000000000000e+00
0.000000000000000000e+00
-6.579129999999999701e-01
0.000000000000000000e+00
0.000000000000000000e+00
-8.029680000000000151e-01
8.121089999999999698e-01
0.000000000000000000e+00
-7.483199999999999852e-01
2.292240000000000111e-01
0.000000000000000000e+00
0.000000000000000000e+00
4.214970000000000105e-01
0.000000000000000000e+00
0.000000000000000000e+00
0.000000000000000000e+00
1.355649999999999911e-01
-1.926809999999999912e+00
2.088999999999999968e+00
-3.660429999999999934e-02
-1.184010000000000007e+00
0.000000000000000000e+00
0.000000000000000000e+00
0.000000000000000000e+00
-3.447899999999999854e-01
-1.123320000000000013e-01
0.000000000000000000e+00
-4.430329999999999685e-02
0.000000000000000000e+00
0.000000000000000000e+00
0.000000000000000000e+00
0.000000000000000000e+00
0.000000000000000000e+00
1.096759999999999957e+00
-1.684130000000000071e-01
0.000000000000000000e+00
0.000000000000000000e+00
1.124179999999999957e+00
-7.861770000000000147e-01
0.000000000000000000e+00
6.056099999999999817e+00
0.000000000000000000e+00
0.000000000000000000e+00
0.000000000000000000e+00
1.753349999999999964e+00
0.000000000000000000e+00
0.000000000000000000e+00
1.106780000000000097e+00
0.000000000000000000e+00
0.000000000000000000e+00
0.000000000000000000e+00
0.000000000000000000e+00
0.000000000000000000e+00
0.000000000000000000e+00
0.000000000000000000e+00
0.000000000000000000e+00
0.000000000000000000e+00
0.000000000000000000e+00
0.000000000000000000e+00
0.000000000000000000e+00
0.000000000000000000e+00
0.000000000000000000e+00
0.000000000000000000e+00
0.000000000000000000e+00
4.759160000000000057e-01
0.000000000000000000e+00
0.000000000000000000e+00
0.000000000000000000e+00
0.000000000000000000e+00
-3.364630000000000121e-01
0.000000000000000000e+00
-3.317339999999999733e-01
-7.178919999999999746e-01
-1.517120000000000024e+00
0.000000000000000000e+00
0.000000000000000000e+00
0.000000000000000000e+00
-1.869110000000000049e+00
-2.110420000000000074e-01
1.832980000000000054e+00
0.000000000000000000e+00
3.074069999999999858e-01
8.675920000000000298e-01
-1.184520000000000017e+00
0.000000000000000000e+00
0.000000000000000000e+00
0.000000000000000000e+00
0.000000000000000000e+00
-1.380719999999999947e+00
-7.075489999999999835e-01
-9.947740000000000471e-01
-5.572019999999999751e-01
0.000000000000000000e+00
0.000000000000000000e+00
0.000000000000000000e+00
0.000000000000000000e+00
1.348230000000000040e+00
1.889419999999999988e-02
0.000000000000000000e+00
-2.419020000000000059e-01
0.000000000000000000e+00
0.000000000000000000e+00
0.000000000000000000e+00
0.000000000000000000e+00
0.000000000000000000e+00
0.000000000000000000e+00
-4.841449999999999920e-01
0.000000000000000000e+00
0.000000000000000000e+00
0.000000000000000000e+00
0.000000000000000000e+00
0.000000000000000000e+00
0.000000000000000000e+00
0.000000000000000000e+00
0.000000000000000000e+00
0.000000000000000000e+00
0.000000000000000000e+00
0.000000000000000000e+00
0.000000000000000000e+00
0.000000000000000000e+00
0.000000000000000000e+00
0.000000000000000000e+00
0.000000000000000000e+00
-4.238680000000000225e-01
0.000000000000000000e+00
0.000000000000000000e+00
0.000000000000000000e+00
0.000000000000000000e+00
0.000000000000000000e+00
0.000000000000000000e+00
0.000000000000000000e+00
0.000000000000000000e+00
0.000000000000000000e+00
-4.245439999999999769e-01
0.000000000000000000e+00
0.000000000000000000e+00
2.815790000000000237e-01
-6.588239999999999652e-01
0.000000000000000000e+00
0.000000000000000000e+00
0.000000000000000000e+00
-3.491540000000000199e-01
0.000000000000000000e+00
-1.152510000000000062e-01
0.000000000000000000e+00
0.000000000000000000e+00
-2.272669999999999968e-01
2.866359999999999797e+00
2.849299999999999944e+00
0.000000000000000000e+00
1.695820000000000105e+00
5.806350000000000122e-01
0.000000000000000000e+00
0.000000000000000000e+00
0.000000000000000000e+00
-9.986390000000000544e-02
0.000000000000000000e+00
-1.739439999999999875e-01
-5.580789999999999917e-01
0.000000000000000000e+00
0.000000000000000000e+00
0.000000000000000000e+00
2.446379999999999999e+00
0.000000000000000000e+00
0.000000000000000000e+00
0.000000000000000000e+00
0.000000000000000000e+00
0.000000000000000000e+00
0.000000000000000000e+00
0.000000000000000000e+00
0.000000000000000000e+00
0.000000000000000000e+00
0.000000000000000000e+00
0.000000000000000000e+00
0.000000000000000000e+00
2.381460000000000132e+00
0.000000000000000000e+00
0.000000000000000000e+00
0.000000000000000000e+00
8.435449999999999893e-01
1.757660000000000056e-01
1.886279999999999957e+00
0.000000000000000000e+00
0.000000000000000000e+00
0.000000000000000000e+00
0.000000000000000000e+00
0.000000000000000000e+00
0.000000000000000000e+00
0.000000000000000000e+00
3.676670000000000216e-01
0.000000000000000000e+00
0.000000000000000000e+00
0.000000000000000000e+00
0.000000000000000000e+00
0.000000000000000000e+00
0.000000000000000000e+00
0.000000000000000000e+00
1.326040000000000108e+00
0.000000000000000000e+00
0.000000000000000000e+00
-7.075900000000000523e-01
-7.439999999999999947e-01
3.121959999999999735e-01
2.218239999999999934e-01
0.000000000000000000e+00
-1.633850000000000025e-01
-2.913430000000000186e-01
0.000000000000000000e+00
4.410879999999999801e-01
2.323099999999999887e-01
-5.142400000000000304e-01
0.000000000000000000e+00
0.000000000000000000e+00
7.007020000000000470e-01
0.000000000000000000e+00
4.767779999999999796e-01
1.636940000000000062e-01
0.000000000000000000e+00
-1.590570000000000039e+00
-8.463840000000000252e-01
1.280550000000000022e-01
1.212739999999999929e+00
0.000000000000000000e+00
0.000000000000000000e+00
0.000000000000000000e+00
0.000000000000000000e+00
0.000000000000000000e+00
0.000000000000000000e+00
0.000000000000000000e+00
0.000000000000000000e+00
0.000000000000000000e+00
2.436300000000000132e-01
-5.982169999999999987e-01
0.000000000000000000e+00
0.000000000000000000e+00
0.000000000000000000e+00
2.791599999999999859e+00
0.000000000000000000e+00
0.000000000000000000e+00
0.000000000000000000e+00
0.000000000000000000e+00
-1.890719999999999956e+00
-1.142749999999999932e+00
-1.670649999999999968e+00
-6.189029999999999809e-01
-2.126190000000000024e-01
0.000000000000000000e+00
0.000000000000000000e+00
5.950469999999999926e-01
4.261490000000000000e-01
0.000000000000000000e+00
-7.229729999999999768e-01
-2.836929999999999730e-01
0.000000000000000000e+00
-1.437579999999999969e-01
1.084799999999999986e+00
1.455490000000000117e-01
0.000000000000000000e+00
0.000000000000000000e+00
-5.079749999999999543e-01
0.000000000000000000e+00
0.000000000000000000e+00
1.417149999999999910e+00
0.000000000000000000e+00
0.000000000000000000e+00
0.000000000000000000e+00
0.000000000000000000e+00
3.240310000000000024e+00
-4.292270000000000252e-01
0.000000000000000000e+00
0.000000000000000000e+00
0.000000000000000000e+00
0.000000000000000000e+00
-3.261730000000000018e+00
0.000000000000000000e+00
2.011699999999999877e-01
-7.454579999999999540e-01
1.712650000000000006e+00
1.473659999999999970e-01
0.000000000000000000e+00
-2.206879999999999953e-01
-2.479009999999999894e-02
0.000000000000000000e+00
-4.808490000000000264e-01
-3.000369999999999981e-01
8.405350000000000321e-01
-3.062940000000000107e-01
-5.401409999999999823e-01
0.000000000000000000e+00
0.000000000000000000e+00
-1.239510000000000056e-01
0.000000000000000000e+00
-4.091870000000000229e-01
0.000000000000000000e+00
0.000000000000000000e+00
0.000000000000000000e+00
0.000000000000000000e+00
0.000000000000000000e+00
0.000000000000000000e+00
8.585679999999999978e-01
0.000000000000000000e+00
0.000000000000000000e+00
0.000000000000000000e+00
0.000000000000000000e+00
0.000000000000000000e+00
0.000000000000000000e+00
0.000000000000000000e+00
0.000000000000000000e+00
2.102160000000000029e+00
0.000000000000000000e+00
0.000000000000000000e+00
3.541730000000000156e-01
0.000000000000000000e+00
-5.536440000000000250e-01
0.000000000000000000e+00
-6.535800000000000498e-01
-9.407909999999999884e-02
-1.413169999999999982e-01
0.000000000000000000e+00
4.480870000000000131e-01
0.000000000000000000e+00
0.000000000000000000e+00
0.000000000000000000e+00
0.000000000000000000e+00
1.688280000000000058e-01
-1.061349999999999932e-01
-5.816729999999999956e-01
4.333319999999999950e-01
9.585770000000000124e-01
0.000000000000000000e+00
0.000000000000000000e+00
7.036390000000000144e-01
0.000000000000000000e+00
-6.182739999999999764e-02
-7.323460000000000525e-01
0.000000000000000000e+00
0.000000000000000000e+00
7.382490000000000441e-01
0.000000000000000000e+00
0.000000000000000000e+00
0.000000000000000000e+00
0.000000000000000000e+00
0.000000000000000000e+00
0.000000000000000000e+00
0.000000000000000000e+00
0.000000000000000000e+00
0.000000000000000000e+00
0.000000000000000000e+00
0.000000000000000000e+00
0.000000000000000000e+00
0.000000000000000000e+00
0.000000000000000000e+00
0.000000000000000000e+00
0.000000000000000000e+00
0.000000000000000000e+00
0.000000000000000000e+00
0.000000000000000000e+00
0.000000000000000000e+00
0.000000000000000000e+00
2.025879999999999903e-01
0.000000000000000000e+00
0.000000000000000000e+00
4.365859999999999741e-01
0.000000000000000000e+00
0.000000000000000000e+00
-1.635809999999999986e+00
0.000000000000000000e+00
0.000000000000000000e+00
1.212530000000000108e+00
0.000000000000000000e+00
0.000000000000000000e+00
0.000000000000000000e+00
-5.463439999999999963e-02
0.000000000000000000e+00
0.000000000000000000e+00
5.634080000000000338e-02
0.000000000000000000e+00
0.000000000000000000e+00
0.000000000000000000e+00
0.000000000000000000e+00
0.000000000000000000e+00
5.951459999999999528e-01
0.000000000000000000e+00
0.000000000000000000e+00
0.000000000000000000e+00
0.000000000000000000e+00
0.000000000000000000e+00
0.000000000000000000e+00
-7.079720000000000457e-01
0.000000000000000000e+00
0.000000000000000000e+00
0.000000000000000000e+00
0.000000000000000000e+00
0.000000000000000000e+00
-9.548339999999999606e-01
0.000000000000000000e+00
0.000000000000000000e+00
0.000000000000000000e+00
0.000000000000000000e+00
0.000000000000000000e+00
0.000000000000000000e+00
0.000000000000000000e+00
0.000000000000000000e+00
0.000000000000000000e+00
0.000000000000000000e+00
0.000000000000000000e+00
0.000000000000000000e+00
-1.141150000000000109e+00
0.000000000000000000e+00
1.750400000000000011e-01
-3.069520000000000061e-03
0.000000000000000000e+00
0.000000000000000000e+00
0.000000000000000000e+00
0.000000000000000000e+00
0.000000000000000000e+00
-1.404740000000000100e+00
6.706220000000000514e-01
0.000000000000000000e+00
1.478089999999999904e+00
-7.131920000000000481e-01
-1.858519999999999894e-01
0.000000000000000000e+00
-3.658139999999999947e+00
0.000000000000000000e+00
0.000000000000000000e+00
0.000000000000000000e+00
0.000000000000000000e+00
6.306880000000000264e-01
6.179559999999999498e-01
-1.322030000000000038e+00
1.380759999999999987e+00
-3.364059999999999828e-01
5.827919999999999767e-01
0.000000000000000000e+00
0.000000000000000000e+00
-2.235149999999999970e+00
0.000000000000000000e+00
0.000000000000000000e+00
-6.476690000000000502e-01
0.000000000000000000e+00
0.000000000000000000e+00
0.000000000000000000e+00
0.000000000000000000e+00
0.000000000000000000e+00
0.000000000000000000e+00
0.000000000000000000e+00
0.000000000000000000e+00
0.000000000000000000e+00
0.000000000000000000e+00
6.283779999999999921e-01
0.000000000000000000e+00
0.000000000000000000e+00
0.000000000000000000e+00
0.000000000000000000e+00
4.393110000000000070e-01
-2.258490000000000150e-02
0.000000000000000000e+00
2.358309999999999906e+00
0.000000000000000000e+00
0.000000000000000000e+00
0.000000000000000000e+00
0.000000000000000000e+00
0.000000000000000000e+00
0.000000000000000000e+00
1.351250000000000062e+00
0.000000000000000000e+00
0.000000000000000000e+00
5.789809999999999679e-01
0.000000000000000000e+00
0.000000000000000000e+00
-4.202629999999999977e-01
-2.592149999999999732e-01
0.000000000000000000e+00
0.000000000000000000e+00
1.111869999999999942e-01
0.000000000000000000e+00
0.000000000000000000e+00
3.166889999999999983e-01
1.061450000000000005e+00
4.212230000000000141e-01
2.048639999999999795e+00
0.000000000000000000e+00
2.942880000000000162e+00
0.000000000000000000e+00
0.000000000000000000e+00
8.271830000000000016e-01
0.000000000000000000e+00
0.000000000000000000e+00
0.000000000000000000e+00
0.000000000000000000e+00
0.000000000000000000e+00
0.000000000000000000e+00
0.000000000000000000e+00
0.000000000000000000e+00
0.000000000000000000e+00
0.000000000000000000e+00
0.000000000000000000e+00
0.000000000000000000e+00
0.000000000000000000e+00
0.000000000000000000e+00
2.888180000000000192e-01
0.000000000000000000e+00
0.000000000000000000e+00
0.000000000000000000e+00
-1.102769999999999966e-02
0.000000000000000000e+00
-1.200039999999999996e+00
0.000000000000000000e+00
0.000000000000000000e+00
0.000000000000000000e+00
0.000000000000000000e+00
0.000000000000000000e+00
0.000000000000000000e+00
0.000000000000000000e+00
0.000000000000000000e+00
0.000000000000000000e+00
3.692790000000000239e-01
5.286720000000000308e-01
0.000000000000000000e+00
-8.965689999999999493e-01
0.000000000000000000e+00
0.000000000000000000e+00
0.000000000000000000e+00
0.000000000000000000e+00
0.000000000000000000e+00
0.000000000000000000e+00
0.000000000000000000e+00
-2.335710000000000175e+00
0.000000000000000000e+00
0.000000000000000000e+00
4.030710000000000126e-01
-2.615219999999999767e-01
6.189379999999999882e-01
4.778160000000000185e-01
5.652439999999999687e-01
-3.272780000000000133e-01
4.971999999999999753e-01
-1.597310000000000008e+00
0.000000000000000000e+00
0.000000000000000000e+00
-1.294550000000000090e+00
0.000000000000000000e+00
-1.129699999999999926e+00
9.575569999999999915e-01
-7.538780000000000481e-02
0.000000000000000000e+00
0.000000000000000000e+00
0.000000000000000000e+00
-1.464169999999999916e-01
0.000000000000000000e+00
0.000000000000000000e+00
3.758619999999999843e-03
-4.038410000000000055e-01
1.547819999999999974e+00
0.000000000000000000e+00
0.000000000000000000e+00
0.000000000000000000e+00
9.146450000000000413e-01
0.000000000000000000e+00
0.000000000000000000e+00
0.000000000000000000e+00
0.000000000000000000e+00
-3.655660000000000021e-01
0.000000000000000000e+00
0.000000000000000000e+00
0.000000000000000000e+00
0.000000000000000000e+00
0.000000000000000000e+00
0.000000000000000000e+00
0.000000000000000000e+00
0.000000000000000000e+00
1.583330000000000015e-01
0.000000000000000000e+00
0.000000000000000000e+00
-9.964739999999999709e-01
0.000000000000000000e+00
0.000000000000000000e+00
2.685460000000000069e-01
-9.734810000000000685e-02
0.000000000000000000e+00
0.000000000000000000e+00
-3.361279999999999824e-01
-8.868169999999999664e-01
1.195140000000000091e+00
0.000000000000000000e+00
2.133889999999999953e-01
1.652619999999999922e-01
0.000000000000000000e+00
-3.371419999999999972e-01
2.682959999999999859e-02
0.000000000000000000e+00
0.000000000000000000e+00
0.000000000000000000e+00
0.000000000000000000e+00
-4.888839999999999852e-01
0.000000000000000000e+00
0.000000000000000000e+00
0.000000000000000000e+00
0.000000000000000000e+00
0.000000000000000000e+00
0.000000000000000000e+00
5.792370000000000019e-01
0.000000000000000000e+00
-2.009460000000000135e-01
1.022549999999999987e-01
1.422529999999999906e-01
3.069779999999999731e-01
-3.859259999999999913e-01
0.000000000000000000e+00
9.567600000000000549e-01
0.000000000000000000e+00
-3.461299999999999932e-01
0.000000000000000000e+00
3.152900000000000147e-01
0.000000000000000000e+00
0.000000000000000000e+00
3.088799999999999879e-01
0.000000000000000000e+00
0.000000000000000000e+00
2.825219999999999954e-01
8.131629999999999692e-01
0.000000000000000000e+00
6.827879999999999505e-01
0.000000000000000000e+00
5.363590000000000302e-01
0.000000000000000000e+00
0.000000000000000000e+00
0.000000000000000000e+00
-3.714509999999999756e-01
-4.967230000000000256e-01
2.001860000000000195e+00
0.000000000000000000e+00
4.521279999999999744e-01
1.117620000000000058e+00
0.000000000000000000e+00
0.000000000000000000e+00
9.308039999999999647e-01
7.096139999999999670e-01
0.000000000000000000e+00
-8.598600000000000687e-02
0.000000000000000000e+00
1.111830000000000096e+00
1.161569999999999964e-01
0.000000000000000000e+00
-9.244169999999999471e-03
9.438199999999999923e-01
1.553509999999999946e+00
2.269539999999999891e-01
8.216179999999999595e-01
-3.241930000000000089e-01
6.498929999999999985e-02
1.010329999999999950e+00
0.000000000000000000e+00
0.000000000000000000e+00
0.000000000000000000e+00
0.000000000000000000e+00
1.257179999999999964e+00
0.000000000000000000e+00
4.000750000000000139e-01
0.000000000000000000e+00
2.849599999999999911e-01
1.597089999999999899e+00
3.507570000000000132e-02
0.000000000000000000e+00
1.660900000000000043e+00
0.000000000000000000e+00
6.384079999999999755e-01
-1.652770000000000072e-01
1.425869999999999971e+00
0.000000000000000000e+00
1.128589999999999982e+00
0.000000000000000000e+00
0.000000000000000000e+00
0.000000000000000000e+00
2.233709999999999862e+00
6.503600000000000492e-01
1.668160000000000087e+00
0.000000000000000000e+00
0.000000000000000000e+00
0.000000000000000000e+00
1.354019999999999946e-01
2.603369999999999962e+00
0.000000000000000000e+00
2.222850000000000215e+00
0.000000000000000000e+00
0.000000000000000000e+00
1.328179999999999916e+00
1.687060000000000004e+00
7.411739999999999995e-01
0.000000000000000000e+00
8.435920000000000085e-01
1.178219999999999962e-01
0.000000000000000000e+00
6.761089999999999600e-01
6.716529999999999445e-01
1.169489999999999919e+00
1.719589999999999952e+00
2.072799999999999920e-01
-2.637619999999999965e-01
3.500480000000000258e-01
4.093330000000000024e-01
9.696139999999999759e-01
0.000000000000000000e+00
0.000000000000000000e+00
1.964040000000000008e+00
6.561420000000000030e-01
0.000000000000000000e+00
0.000000000000000000e+00
0.000000000000000000e+00
0.000000000000000000e+00
0.000000000000000000e+00
7.039149999999999574e-01
3.546440000000000148e-01
0.000000000000000000e+00
-3.169299999999999895e-01
3.486859999999999959e-01
1.593190000000000106e+00
2.213229999999999809e+00
-7.653489999999999460e-01
-3.704489999999999728e-01
0.000000000000000000e+00
9.507619999999999960e-02
-3.910529999999999839e-01
1.886249999999999871e-01
0.000000000000000000e+00
0.000000000000000000e+00
0.000000000000000000e+00
3.733629999999999782e+00
1.342319999999999958e+00
1.601909999999999945e+00
-4.314319999999999822e-01
1.428330000000000100e+00
0.000000000000000000e+00
0.000000000000000000e+00
0.000000000000000000e+00
1.959870000000000001e+00
7.019739999999999869e-01
0.000000000000000000e+00
0.000000000000000000e+00
0.000000000000000000e+00
1.425820000000000087e+00
0.000000000000000000e+00
8.482229999999999492e-01
2.840500000000000025e+00
0.000000000000000000e+00
7.646739999999999648e-01
0.000000000000000000e+00
-8.160280000000000311e-02
5.072149999999999714e-01
0.000000000000000000e+00
0.000000000000000000e+00
0.000000000000000000e+00
0.000000000000000000e+00
0.000000000000000000e+00
-1.551660000000000039e+00
0.000000000000000000e+00
0.000000000000000000e+00
0.000000000000000000e+00
0.000000000000000000e+00
0.000000000000000000e+00
0.000000000000000000e+00
0.000000000000000000e+00
4.380720000000000169e-01
5.269040000000000390e-01
5.359390000000000542e-01
2.208419999999999828e+00
-4.286779999999999757e-02
-1.323000000000000044e-02
0.000000000000000000e+00
0.000000000000000000e+00
6.775590000000000224e-01
-8.506320000000000547e-02
9.412220000000000031e-01
0.000000000000000000e+00
1.332209999999999894e+00
6.273300000000000542e-01
-6.333980000000000166e-01
1.260709999999999886e-01
0.000000000000000000e+00
9.028709999999999791e-01
0.000000000000000000e+00
0.000000000000000000e+00
2.141730000000000023e-01
1.900290000000000035e+00
-1.402160000000000073e-01
6.223410000000000331e-01
2.738329999999999931e-01
-1.537419999999999932e-02
1.087029999999999941e+00
-1.398419999999999941e-01
6.199759999999999716e-01
0.000000000000000000e+00
3.176950000000000163e+00
0.000000000000000000e+00
0.000000000000000000e+00
-3.648919999999999941e-01
6.572959999999999914e-01
0.000000000000000000e+00
-1.134179999999999966e+00
1.929410000000000069e+00
0.000000000000000000e+00
2.112350000000000172e+00
0.000000000000000000e+00
1.040270000000000028e+00
1.124549999999999994e-01
0.000000000000000000e+00
4.727520000000000056e-01
2.018860000000000099e+00
0.000000000000000000e+00
6.965930000000000177e-01
8.926910000000000123e-01
0.000000000000000000e+00
0.000000000000000000e+00
1.951889999999999903e+00
0.000000000000000000e+00
1.023490000000000011e+00
8.424209999999999754e-01
7.891829999999999679e-01
0.000000000000000000e+00
0.000000000000000000e+00
3.901129999999999876e-01
9.343660000000000299e-01
3.286089999999999844e-01
1.568189999999999973e+00
1.085040000000000032e-01
7.415690000000000337e-01
0.000000000000000000e+00
7.701780000000000292e-01
-1.020170000000000021e+00
5.470869999999999900e-01
2.597740000000000049e-01
1.471330000000000027e+00
0.000000000000000000e+00
0.000000000000000000e+00
5.742280000000000301e-02
-2.006900000000000073e-01
1.356130000000000113e-01
1.790279999999999927e-01
0.000000000000000000e+00
0.000000000000000000e+00
0.000000000000000000e+00
0.000000000000000000e+00
0.000000000000000000e+00
0.000000000000000000e+00
-8.487320000000000420e-01
0.000000000000000000e+00
1.996860000000000024e-01
-2.216319999999999957e-01
-1.520579999999999987e-01
-1.441449999999999954e-01
-1.199300000000000019e-02
0.000000000000000000e+00
-7.271119999999999806e-01
-3.471279999999999921e-01
0.000000000000000000e+00
-3.280950000000000255e-01
0.000000000000000000e+00
1.755689999999999973e+00
0.000000000000000000e+00
0.000000000000000000e+00
0.000000000000000000e+00
-5.009980000000000544e-01
-1.136859999999999954e-01
0.000000000000000000e+00
0.000000000000000000e+00
-9.083140000000000658e-02
-8.812979999999999425e-02
-1.218059999999999921e+00
0.000000000000000000e+00
2.110420000000000074e-01
-7.162290000000000323e-02
5.029820000000000124e-02
-6.850549999999999695e-01
0.000000000000000000e+00
0.000000000000000000e+00
-3.230420000000000069e+00
0.000000000000000000e+00
1.429910000000000014e+00
0.000000000000000000e+00
-1.320060000000000122e-01
-1.285619999999999985e+00
-1.914490000000000081e-01
0.000000000000000000e+00
-3.279010000000000258e-02
-4.486729999999999885e-01
0.000000000000000000e+00
-1.052880000000000038e+00
0.000000000000000000e+00
2.100499999999999867e-01
0.000000000000000000e+00
0.000000000000000000e+00
0.000000000000000000e+00
-9.863790000000000058e-01
0.000000000000000000e+00
0.000000000000000000e+00
-1.654640000000000111e+00
1.621249999999999913e-01
0.000000000000000000e+00
0.000000000000000000e+00
0.000000000000000000e+00
0.000000000000000000e+00
1.796969999999999956e-01
-2.475289999999999990e-01
0.000000000000000000e+00
0.000000000000000000e+00
0.000000000000000000e+00
-1.113459999999999894e+00
-2.900229999999999753e-01
0.000000000000000000e+00
-1.053709999999999924e+00
-4.116369999999999751e-02
-2.143100000000000005e-01
-1.803349999999999953e-01
-1.079469999999999930e+00
3.810089999999999866e-01
0.000000000000000000e+00
0.000000000000000000e+00
0.000000000000000000e+00
0.000000000000000000e+00
0.000000000000000000e+00
0.000000000000000000e+00
0.000000000000000000e+00
4.368279999999999941e-01
-1.378109999999999946e+00
-1.127819999999999934e-01
-3.458970000000000100e-01
-1.464169999999999916e-01
-1.602359999999999896e-01
-1.116880000000000095e+00
0.000000000000000000e+00
0.000000000000000000e+00
0.000000000000000000e+00
0.000000000000000000e+00
-4.294640000000000124e-01
-5.227509999999999657e-01
0.000000000000000000e+00
-5.896799999999999820e-01
0.000000000000000000e+00
-1.050229999999999997e+00
-2.113420000000000021e-01
0.000000000000000000e+00
0.000000000000000000e+00
3.291270000000000029e-01
-6.326939999999999786e-01
0.000000000000000000e+00
-2.256260000000000154e+00
0.000000000000000000e+00
-3.746379999999999821e+00
-1.342150000000000010e-01
0.000000000000000000e+00
0.000000000000000000e+00
0.000000000000000000e+00
-1.082599999999999951e-01
0.000000000000000000e+00
0.000000000000000000e+00
0.000000000000000000e+00
0.000000000000000000e+00
0.000000000000000000e+00
0.000000000000000000e+00
0.000000000000000000e+00
-1.731759999999999966e+00
1.690119999999999956e-01
0.000000000000000000e+00
0.000000000000000000e+00
-7.161330000000000195e-01
-5.442909999999999589e-03
0.000000000000000000e+00
-3.532379999999999964e-01
-5.510239999999999583e-01
0.000000000000000000e+00
2.153450000000000086e-01
0.000000000000000000e+00
0.000000000000000000e+00
0.000000000000000000e+00
0.000000000000000000e+00
0.000000000000000000e+00
-2.976379999999999804e+00
0.000000000000000000e+00
-3.026329999999999854e-01
0.000000000000000000e+00
-2.674880000000000140e-03
-2.412919999999999995e-02
-1.902439999999999909e+00
0.000000000000000000e+00
0.000000000000000000e+00
-4.110579999999999790e-01
-7.232509999999999772e-01
3.108670000000000044e-01
0.000000000000000000e+00
-4.355370000000000075e-01
-1.055739999999999901e+00
-3.074710000000000054e+00
0.000000000000000000e+00
-7.653560000000000363e-01
-5.703740000000000476e-01
0.000000000000000000e+00
0.000000000000000000e+00
0.000000000000000000e+00
0.000000000000000000e+00
0.000000000000000000e+00
0.000000000000000000e+00
0.000000000000000000e+00
-1.297430000000000083e+00
3.214060000000000250e-01
-8.130490000000000217e-01
-7.276000000000000245e-01
0.000000000000000000e+00
4.048439999999999817e-01
-3.623449999999999727e-01
0.000000000000000000e+00
0.000000000000000000e+00
5.545419999999999794e-01
0.000000000000000000e+00
-2.340170000000000083e+00
-3.250350000000000183e-01
-3.494700000000000029e-01
-7.525039999999999507e-01
-7.633059999999999845e-02
0.000000000000000000e+00
-6.856980000000000297e-01
-1.282350000000000101e+00
-7.929119999999999502e-01
9.615540000000000198e-01
0.000000000000000000e+00
-2.849800000000000111e-01
-2.094800000000000134e-02
9.702610000000000401e-01
-1.506599999999999939e+00
-1.439440000000000053e+00
-2.819829999999999837e-01
3.407020000000000187e-02
0.000000000000000000e+00
0.000000000000000000e+00
0.000000000000000000e+00
-2.116999999999999993e+00
0.000000000000000000e+00
0.000000000000000000e+00
-5.158340000000000147e-01
-8.172270000000000367e-01
-1.155939999999999968e+00
-1.637069999999999914e-01
0.000000000000000000e+00
0.000000000000000000e+00
6.217949999999999866e-02
0.000000000000000000e+00
0.000000000000000000e+00
-9.902769999999999628e-01
-2.191969999999999974e+00
2.123230000000000117e-01
0.000000000000000000e+00
-8.196020000000000527e-01
7.722510000000000208e-01
-1.194719999999999949e-01
-2.636609999999999787e-01
0.000000000000000000e+00
-2.033860000000000112e-01
0.000000000000000000e+00
-6.883080000000000309e-01
7.003489999999999716e-02
-1.088729999999999976e+00
-1.755500000000000060e+00
-1.936949999999999950e+00
-4.186980000000000146e-01
-8.257849999999999913e-01
-1.738329999999999931e+00
0.000000000000000000e+00
-4.539429999999999854e-01
0.000000000000000000e+00
0.000000000000000000e+00
-2.539779999999999927e+00
0.000000000000000000e+00
0.000000000000000000e+00
-3.473149999999999848e-01
2.934060000000000001e-01
0.000000000000000000e+00
7.032199999999999562e-01
9.139519999999999866e-01
0.000000000000000000e+00
-5.738839999999999497e-01
8.016579999999999817e-01
-7.485070000000000334e-01
0.000000000000000000e+00
0.000000000000000000e+00
