1.857969999999999899e+00
-1.034810000000000035e-01
1.910190000000000055e+00
1.331860000000000044e+00
0.000000000000000000e+00
1.576570000000000027e+00
1.003689999999999999e-01
-8.438350000000000017e-01
0.000000000000000000e+00
1.223919999999999897e+00
3.131990000000000052e+00
1.828699999999999992e+00
8.789059999999999651e-01
2.635569999999999857e-01
1.441870000000000096e-01
0.000000000000000000e+00
0.000000000000000000e+00
1.086989999999999901e+00
0.000000000000000000e+00
0.000000000000000000e+00
1.748399999999999954e+00
-1.283789999999999931e-01
3.641960000000000197e-01
4.887000000000000233e-01
5.414570000000000327e+00
-2.998540000000000094e-01
1.763379999999999947e-01
2.111559999999999881e+00
9.191259999999999986e-01
5.057970000000000521e-01
-9.910010000000000208e-01
4.140469999999999984e-01
0.000000000000000000e+00
1.673100000000000032e+00
6.298000000000000265e-01
5.942929999999999602e-01
0.000000000000000000e+00
3.182479999999999754e-01
2.061650000000000205e+00
0.000000000000000000e+00
1.479829999999999979e+00
6.026869999999999727e-01
8.765519999999999978e-01
-5.542099999999999804e-01
0.000000000000000000e+00
9.358109999999999484e-01
9.259079999999999533e-01
1.766180000000000083e+00
3.449359999999999982e+00
0.000000000000000000e+00
-3.295409999999999728e-01
-1.820500000000000007e+00
7.227379999999999916e-01
-3.583819999999999784e-01
4.753299999999999748e-01
7.233870000000000022e-01
1.150640000000000107e+00
-6.889889999999999903e-02
1.255579999999999918e+00
0.000000000000000000e+00
0.000000000000000000e+00
3.860159999999999980e-02
1.890910000000000091e+00
-9.134579999999999922e-01
0.000000000000000000e+00
1.552210000000000090e+00
-2.855429999999999913e-01
0.000000000000000000e+00
2.387000000000000011e+00
-3.884279999999999955e-01
-5.228500000000000369e-01
-2.009819999999999940e+00
4.063369999999999926e+00
4.621069999999999900e-01
2.093270000000000131e-01
4.174010000000000220e-01
-4.375519999999999965e-01
0.000000000000000000e+00
2.046089999999999964e+00
9.343900000000000539e-01
-1.836099999999999954e-01
2.420799999999999896e-01
1.413990000000000080e+00
0.000000000000000000e+00
2.483859999999999957e+00
7.531900000000000261e-01
1.553840000000000110e+00
-2.911219999999999919e-01
3.919639999999999791e-01
-3.606770000000000254e-01
0.000000000000000000e+00
9.932619999999999783e-01
1.351860000000000062e+00
-1.283789999999999931e-01
-7.021689999999999876e-02
0.000000000000000000e+00
2.380539999999999878e+00
5.332160000000000233e-01
3.061180000000000012e-01
3.455849999999999755e-01
0.000000000000000000e+00
0.000000000000000000e+00
-1.680590000000000028e+00
0.000000000000000000e+00
-3.083120000000000083e+00
-1.894830000000000014e+00
0.000000000000000000e+00
-9.263449999999999462e-02
5.000280000000000280e-01
1.255210000000000006e-02
1.144579999999999931e+00
0.000000000000000000e+00
0.000000000000000000e+00
3.407029999999999781e-01
0.000000000000000000e+00
1.656920000000000059e-01
-3.191200000000000148e-01
7.502180000000000515e-01
1.502150000000000096e+00
-1.341280000000000028e+00
0.000000000000000000e+00
-1.146300000000000097e+00
-6.008670000000000400e+00
0.000000000000000000e+00
-2.551039999999999974e+00
-5.306580000000000324e-02
0.000000000000000000e+00
0.000000000000000000e+00
1.708520000000000039e-01
0.000000000000000000e+00
0.000000000000000000e+00
0.000000000000000000e+00
4.625690000000000079e-01
0.000000000000000000e+00
2.053619999999999890e-01
1.135950000000000015e+00
-2.253870000000000040e+00
-2.283890000000000087e-01
-1.161930000000000046e-01
0.000000000000000000e+00
-5.240970000000000351e-01
0.000000000000000000e+00
-9.177889999999999660e-01
0.000000000000000000e+00
-6.989880000000000537e-01
2.320069999999999910e-01
-8.472579999999999556e-01
-1.186800000000000077e+00
-1.658999999999999919e-01
-3.091180000000000039e-01
0.000000000000000000e+00
-2.841530000000000097e-02
-7.884860000000000202e-01
2.720859999999999945e-01
-3.250819999999999821e-01
-5.599100000000000188e-01
-1.287570000000000103e+00
-3.058299999999999907e-02
-2.800520000000000231e-01
-1.511760000000000048e-01
-3.614189999999999792e+00
9.725019999999999498e-02
8.481499999999999595e-01
-3.790489999999999832e-02
1.779870000000000063e-01
-8.711079999999999934e-01
-2.993669999999999942e-01
4.837469999999999826e-01
4.322019999999999751e-01
-1.733789999999999942e+00
0.000000000000000000e+00
3.944719999999999893e-01
1.913030000000000008e+00
0.000000000000000000e+00
2.000000000000000000e+00
0.000000000000000000e+00
6.848440000000000083e-01
1.953500000000000014e+00
-1.321640000000000037e-01
-4.682410000000000183e-01
0.000000000000000000e+00
-1.055190000000000072e+00
-4.474480000000000124e-01
1.348119999999999985e+00
1.900770000000000071e+00
-6.144100000000000117e-01
9.205789999999999806e-02
-2.232830000000000092e-01
3.803360000000000074e-01
1.949559999999999960e+00
0.000000000000000000e+00
-1.040689999999999893e+00
-1.833990000000000009e+00
1.139620000000000077e+00
0.000000000000000000e+00
0.000000000000000000e+00
0.000000000000000000e+00
9.439910000000000245e-01
-1.016250000000000098e+00
0.000000000000000000e+00
0.000000000000000000e+00
0.000000000000000000e+00
-4.201719999999999899e-01
0.000000000000000000e+00
-1.432320000000000038e+00
0.000000000000000000e+00
0.000000000000000000e+00
-8.444960000000000244e-01
0.000000000000000000e+00
0.000000000000000000e+00
0.000000000000000000e+00
9.071630000000000527e-01
7.537399999999999656e-01
0.000000000000000000e+00
-1.707529999999999992e+00
-3.189850000000000185e-01
-1.353650000000000020e+00
1.575690000000000035e+00
2.440960000000000074e-01
-1.300310000000000077e-01
-8.504329999999999945e-01
-8.499889999999999946e-01
1.680779999999999941e+00
-1.583280000000000021e+00
2.054069999999999840e+00
-1.496340000000000003e+00
0.000000000000000000e+00
0.000000000000000000e+00
-4.690819999999999990e-01
1.462759999999999894e-01
0.000000000000000000e+00
0.000000000000000000e+00
0.000000000000000000e+00
1.847340000000000093e-01
-2.052840000000000220e+00
-2.501819999999999933e+00
1.635140000000000038e+00
-2.928450000000000220e+00
0.000000000000000000e+00
2.311489999999999934e-01
-1.206650000000000000e+00
2.721629999999999883e-01
1.485349999999999948e+00
0.000000000000000000e+00
0.000000000000000000e+00
-1.498529999999999918e+00
0.000000000000000000e+00
-5.588819999999999899e-01
7.585030000000000383e-01
4.668610000000000260e-01
-1.879559999999999897e+00
9.173219999999999708e-01
-1.886510000000000131e-01
-6.991840000000000277e-01
0.000000000000000000e+00
1.548150000000000082e-01
-7.117550000000000265e-01
0.000000000000000000e+00
0.000000000000000000e+00
-3.017079999999999762e-01
-2.069900000000000073e+00
-8.960020000000000484e-02
0.000000000000000000e+00
-5.405969999999999942e-01
3.474529999999999980e-02
0.000000000000000000e+00
0.000000000000000000e+00
0.000000000000000000e+00
-2.524270000000000014e+00
-1.539379999999999971e+00
-9.937430000000000430e-01
-5.068510000000000515e-01
1.231610000000000094e+00
-3.063580000000000192e-01
-8.736650000000000249e-01
0.000000000000000000e+00
7.721550000000000358e-01
-1.620419999999999972e+00
-1.139159999999999950e+00
0.000000000000000000e+00
-5.704519999999999730e-02
-7.352379999999999471e-01
-1.538910000000000000e+00
-4.476069999999999771e-01
-1.148970000000000047e+00
0.000000000000000000e+00
0.000000000000000000e+00
-1.215899999999999981e+00
-6.708650000000000446e-01
-4.644570000000000087e-01
9.299770000000000536e-01
9.990599999999999654e-04
-1.674619999999999997e+00
0.000000000000000000e+00
1.378849999999999909e+00
-1.313749999999999918e-01
0.000000000000000000e+00
0.000000000000000000e+00
2.309670000000000056e-01
-1.745700000000000029e+00
-4.428469999999999906e+00
7.508349999999999747e-02
0.000000000000000000e+00
-2.645109999999999850e+00
0.000000000000000000e+00
-1.019099999999999895e+00
-8.486470000000000402e-01
-1.737460000000000004e+00
0.000000000000000000e+00
0.000000000000000000e+00
0.000000000000000000e+00
-3.920950000000000268e-01
1.194989999999999997e+00
0.000000000000000000e+00
0.000000000000000000e+00
-6.612470000000000292e-01
0.000000000000000000e+00
0.000000000000000000e+00
8.369279999999999775e-02
-2.265510000000000024e-01
0.000000000000000000e+00
0.000000000000000000e+00
-1.543789999999999996e+00
0.000000000000000000e+00
3.552199999999999802e-01
0.000000000000000000e+00
2.091260000000000119e+00
2.053840000000000110e-01
-3.354179999999999939e-01
-4.697470000000000256e-01
0.000000000000000000e+00
-1.614419999999999966e+00
-5.589529999999999887e+00
0.000000000000000000e+00
0.000000000000000000e+00
-1.469729999999999981e+00
-3.320790000000000131e+00
0.000000000000000000e+00
-5.630209999999999937e-01
1.414469999999999894e+00
0.000000000000000000e+00
-1.404539999999999900e+00
-4.510620000000000185e-01
1.292210000000000081e+00
2.098489999999999966e+00
1.092170000000000085e+00
1.093179999999999985e-01
-7.349980000000000402e-01
-9.293139999999999734e-01
1.200539999999999941e-01
1.672120000000000051e+00
1.148840000000000083e+00
-7.405049999999999688e-01
-1.534710000000000019e+00
2.221969999999999848e-02
-2.878950000000000120e+00
0.000000000000000000e+00
-8.108589999999999964e-01
0.000000000000000000e+00
-4.837400000000000033e-01
-1.084780000000000078e+00
-5.239829999999999766e-01
0.000000000000000000e+00
0.000000000000000000e+00
-3.040439999999999809e+00
-7.875140000000000473e-01
0.000000000000000000e+00
-1.690779999999999950e+00
0.000000000000000000e+00
0.000000000000000000e+00
0.000000000000000000e+00
-1.099299999999999999e-01
-9.459610000000000518e-01
0.000000000000000000e+00
0.000000000000000000e+00
0.000000000000000000e+00
-2.905359999999999887e-02
0.000000000000000000e+00
0.000000000000000000e+00
0.000000000000000000e+00
0.000000000000000000e+00
0.000000000000000000e+00
-1.901079999999999992e-01
0.000000000000000000e+00
0.000000000000000000e+00
0.000000000000000000e+00
0.000000000000000000e+00
-7.992369999999999752e-01
-5.967070000000000013e-02
0.000000000000000000e+00
0.000000000000000000e+00
-1.427640000000000020e-01
0.000000000000000000e+00
0.000000000000000000e+00
0.000000000000000000e+00
0.000000000000000000e+00
0.000000000000000000e+00
0.000000000000000000e+00
0.000000000000000000e+00
0.000000000000000000e+00
0.000000000000000000e+00
0.000000000000000000e+00
0.000000000000000000e+00
0.000000000000000000e+00
-2.887879999999999892e-01
0.000000000000000000e+00
0.000000000000000000e+00
-1.218439999999999968e+00
-2.577069999999999972e+00
-9.625179999999999847e-01
0.000000000000000000e+00
0.000000000000000000e+00
-3.996640000000000192e-01
-7.120959999999999512e-01
-2.320760000000000045e-01
-4.482190000000000119e+00
0.000000000000000000e+00
0.000000000000000000e+00
-1.394369999999999984e-02
0.000000000000000000e+00
0.000000000000000000e+00
-4.021710000000000007e-01
1.599849999999999883e-01
0.000000000000000000e+00
-2.008539999999999992e+00
-3.250489999999999768e-01
-5.983119999999999550e-01
0.000000000000000000e+00
0.000000000000000000e+00
-1.668330000000000091e+00
-1.272799999999999973e-02
0.000000000000000000e+00
-7.918199999999999683e-01
1.254860000000000086e+00
-9.440489999999999993e-02
0.000000000000000000e+00
-1.133629999999999916e+00
0.000000000000000000e+00
-1.154539999999999900e+00
-4.029420000000000224e-01
-2.269109999999999960e+00
-4.148519999999999985e-01
-1.590149999999999952e+00
-6.035870000000000124e-02
6.481470000000000287e-01
-4.595779999999999865e-01
0.000000000000000000e+00
0.000000000000000000e+00
-2.647889999999999855e+00
-3.486029999999999962e-01
0.000000000000000000e+00
0.000000000000000000e+00
-2.883640000000000092e-01
0.000000000000000000e+00
1.066130000000000029e-02
0.000000000000000000e+00
-1.741270000000000040e-01
-4.699990000000000001e-01
-1.570019999999999971e+00
3.425839999999999996e-01
0.000000000000000000e+00
-3.275310000000000166e-01
-5.864200000000000523e-01
0.000000000000000000e+00
0.000000000000000000e+00
0.000000000000000000e+00
