2.339259999999999950e-01
3.242189999999999794e-01
2.803019999999999956e-01
2.203509999999999913e-01
0.000000000000000000e+00
5.082510000000000083e-01
0.000000000000000000e+00
-3.671050000000000146e-01
0.000000000000000000e+00
1.179499999999999993e+00
6.771660000000000457e-01
0.000000000000000000e+00
1.007849999999999996e-01
1.068029999999999952e-01
0.000000000000000000e+00
4.935769999999999880e-01
0.000000000000000000e+00
1.644409999999999969e-02
-4.115500000000000269e-01
0.000000000000000000e+00
-1.625840000000000063e-01
2.928080000000000127e-01
0.000000000000000000e+00
-1.826309999999999878e-01
0.000000000000000000e+00
0.000000000000000000e+00
2.460420000000000107e-01
2.409769999999999968e-01
1.185400000000000065e-01
0.000000000000000000e+00
-3.429159999999999986e-01
7.517049999999999566e-01
0.000000000000000000e+00
9.852530000000000454e-01
0.000000000000000000e+00
7.164030000000000398e-02
0.000000000000000000e+00
0.000000000000000000e+00
0.000000000000000000e+00
0.000000000000000000e+00
3.596630000000000105e-01
4.546890000000000098e-01
0.000000000000000000e+00
1.509780000000000011e-01
3.274420000000000108e-01
3.195080000000000142e-01
0.000000000000000000e+00
0.000000000000000000e+00
3.264810000000000212e-01
0.000000000000000000e+00
0.000000000000000000e+00
0.000000000000000000e+00
0.000000000000000000e+00
-2.425690000000000138e-02
-3.656200000000000006e-01
-8.345400000000000040e-02
5.208500000000000352e-01
0.000000000000000000e+00
9.716489999999999849e-02
6.281090000000000284e-01
0.000000000000000000e+00
2.968089999999999895e-01
0.000000000000000000e+00
0.000000000000000000e+00
0.000000000000000000e+00
-2.973939999999999917e-01
0.000000000000000000e+00
3.636340000000000128e-01
8.278189999999999715e-01
0.000000000000000000e+00
9.025110000000000077e-02
0.000000000000000000e+00
1.715480000000000060e-01
5.768779999999999741e-02
0.000000000000000000e+00
-5.194879999999999498e-01
-8.054099999999999593e-01
0.000000000000000000e+00
0.000000000000000000e+00
0.000000000000000000e+00
8.144369999999999388e-02
2.658769999999999745e-01
0.000000000000000000e+00
0.000000000000000000e+00
0.000000000000000000e+00
0.000000000000000000e+00
3.299409999999999843e-01
1.708929999999999894e-01
1.025839999999999946e-01
0.000000000000000000e+00
0.000000000000000000e+00
1.013629999999999948e-01
5.515499999999999847e-01
-9.257219999999999338e-02
-7.791539999999999577e-02
1.294919999999999960e-01
3.450679999999999858e-01
6.027529999999999694e-02
2.059690000000000132e-01
0.000000000000000000e+00
0.000000000000000000e+00
0.000000000000000000e+00
-1.436730000000000063e+00
-2.697399999999999798e-01
-3.170669999999999877e-01
-9.111660000000000315e-01
0.000000000000000000e+00
0.000000000000000000e+00
-4.368480000000000141e-01
0.000000000000000000e+00
0.000000000000000000e+00
-2.687910000000000021e-01
0.000000000000000000e+00
-3.698719999999999786e-01
0.000000000000000000e+00
-3.640689999999999760e-01
-3.053660000000000263e-01
0.000000000000000000e+00
0.000000000000000000e+00
-1.380470000000000030e-01
0.000000000000000000e+00
0.000000000000000000e+00
-7.185350000000000348e-01
-4.826280000000000014e-01
-1.527970000000000050e+00
-1.749159999999999882e-01
0.000000000000000000e+00
0.000000000000000000e+00
-6.078719999999999957e-02
6.430500000000000105e-02
-2.892629999999999924e-01
-4.548639999999999906e-01
0.000000000000000000e+00
0.000000000000000000e+00
0.000000000000000000e+00
1.581559999999999910e-01
-7.703210000000000335e-01
0.000000000000000000e+00
0.000000000000000000e+00
-1.429229999999999945e-01
-9.298190000000000621e-02
0.000000000000000000e+00
-7.060020000000000184e-01
0.000000000000000000e+00
0.000000000000000000e+00
0.000000000000000000e+00
-5.042269999999999808e-01
-1.717980000000000063e+00
0.000000000000000000e+00
0.000000000000000000e+00
-1.777330000000000021e-01
9.997340000000000393e-02
3.425170000000000159e-01
0.000000000000000000e+00
0.000000000000000000e+00
0.000000000000000000e+00
-7.367420000000000080e-01
0.000000000000000000e+00
0.000000000000000000e+00
0.000000000000000000e+00
-1.063239999999999963e+00
0.000000000000000000e+00
0.000000000000000000e+00
0.000000000000000000e+00
0.000000000000000000e+00
0.000000000000000000e+00
-3.107559999999999767e-01
0.000000000000000000e+00
0.000000000000000000e+00
-7.737190000000000456e-01
0.000000000000000000e+00
-5.560509999999999620e-01
0.000000000000000000e+00
-2.071119999999999906e-01
-2.693020000000000136e-02
-8.134590000000000432e-01
0.000000000000000000e+00
4.284360000000000251e-02
0.000000000000000000e+00
-1.342000000000000082e+00
0.000000000000000000e+00
0.000000000000000000e+00
-2.562110000000000221e-01
8.048429999999999473e-02
1.458679999999999977e-01
2.710090000000000068e-02
0.000000000000000000e+00
0.000000000000000000e+00
0.000000000000000000e+00
0.000000000000000000e+00
0.000000000000000000e+00
-6.752809999999999369e-02
-6.875799999999999690e-01
0.000000000000000000e+00
0.000000000000000000e+00
6.043089999999999851e-01
0.000000000000000000e+00
0.000000000000000000e+00
-7.451499999999999790e-02
0.000000000000000000e+00
3.353459999999999774e-01
0.000000000000000000e+00
0.000000000000000000e+00
0.000000000000000000e+00
-7.528639999999999777e-01
0.000000000000000000e+00
0.000000000000000000e+00
0.000000000000000000e+00
0.000000000000000000e+00
0.000000000000000000e+00
0.000000000000000000e+00
1.898120000000000085e-01
0.000000000000000000e+00
0.000000000000000000e+00
-8.724880000000000413e-01
0.000000000000000000e+00
0.000000000000000000e+00
0.000000000000000000e+00
0.000000000000000000e+00
4.085170000000000190e-01
0.000000000000000000e+00
0.000000000000000000e+00
0.000000000000000000e+00
4.878060000000000174e-01
3.669939999999999869e-01
-5.842749999999999888e-01
0.000000000000000000e+00
0.000000000000000000e+00
-1.364249999999999963e+00
2.832140000000000213e-01
-5.369080000000000519e-01
0.000000000000000000e+00
0.000000000000000000e+00
1.329390000000000016e-01
0.000000000000000000e+00
0.000000000000000000e+00
6.134440000000000032e-02
0.000000000000000000e+00
0.000000000000000000e+00
3.047100000000000156e-02
0.000000000000000000e+00
0.000000000000000000e+00
0.000000000000000000e+00
0.000000000000000000e+00
0.000000000000000000e+00
0.000000000000000000e+00
0.000000000000000000e+00
0.000000000000000000e+00
0.000000000000000000e+00
0.000000000000000000e+00
-7.285329999999999584e-02
-3.064049999999999829e-01
-2.230679999999999885e-01
0.000000000000000000e+00
0.000000000000000000e+00
4.141349999999999754e-01
0.000000000000000000e+00
0.000000000000000000e+00
0.000000000000000000e+00
0.000000000000000000e+00
0.000000000000000000e+00
0.000000000000000000e+00
0.000000000000000000e+00
5.004429999999999990e-02
0.000000000000000000e+00
0.000000000000000000e+00
0.000000000000000000e+00
0.000000000000000000e+00
-1.380730000000000013e+00
0.000000000000000000e+00
-3.272939999999999738e-01
1.493259999999999865e-01
0.000000000000000000e+00
0.000000000000000000e+00
0.000000000000000000e+00
-1.475569999999999937e-01
9.478440000000000198e-01
0.000000000000000000e+00
0.000000000000000000e+00
0.000000000000000000e+00
0.000000000000000000e+00
5.079709999999999781e-02
0.000000000000000000e+00
0.000000000000000000e+00
-1.954859999999999931e-02
0.000000000000000000e+00
-7.697079999999999478e-01
0.000000000000000000e+00
1.033179999999999987e+00
0.000000000000000000e+00
0.000000000000000000e+00
0.000000000000000000e+00
-4.877299999999999969e-01
0.000000000000000000e+00
5.692459999999999881e-02
0.000000000000000000e+00
0.000000000000000000e+00
0.000000000000000000e+00
0.000000000000000000e+00
0.000000000000000000e+00
0.000000000000000000e+00
0.000000000000000000e+00
0.000000000000000000e+00
-1.370049999999999990e+00
-6.528799999999999881e-02
0.000000000000000000e+00
0.000000000000000000e+00
-5.824730000000000185e-01
-2.520160000000000178e-01
0.000000000000000000e+00
0.000000000000000000e+00
0.000000000000000000e+00
1.376239999999999908e+00
0.000000000000000000e+00
0.000000000000000000e+00
9.773869999999999780e-02
-9.341249999999999554e-02
0.000000000000000000e+00
9.593839999999999313e-03
0.000000000000000000e+00
-9.401029999999999456e-03
3.414769999999999750e-01
0.000000000000000000e+00
0.000000000000000000e+00
0.000000000000000000e+00
5.468939999999999912e-01
0.000000000000000000e+00
0.000000000000000000e+00
0.000000000000000000e+00
0.000000000000000000e+00
0.000000000000000000e+00
0.000000000000000000e+00
0.000000000000000000e+00
-1.442440000000000042e-02
0.000000000000000000e+00
0.000000000000000000e+00
0.000000000000000000e+00
0.000000000000000000e+00
6.590489999999999959e-01
0.000000000000000000e+00
-1.803120000000000001e-01
0.000000000000000000e+00
0.000000000000000000e+00
2.243550000000000058e-02
0.000000000000000000e+00
1.096419999999999950e+00
0.000000000000000000e+00
0.000000000000000000e+00
-4.447769999999999779e-01
0.000000000000000000e+00
4.720889999999999809e-01
0.000000000000000000e+00
-3.388800000000000145e-01
-5.485419999999999741e-01
0.000000000000000000e+00
0.000000000000000000e+00
0.000000000000000000e+00
0.000000000000000000e+00
-4.470040000000000124e-01
0.000000000000000000e+00
0.000000000000000000e+00
-2.992369999999999752e-01
0.000000000000000000e+00
0.000000000000000000e+00
0.000000000000000000e+00
0.000000000000000000e+00
0.000000000000000000e+00
0.000000000000000000e+00
0.000000000000000000e+00
0.000000000000000000e+00
0.000000000000000000e+00
0.000000000000000000e+00
0.000000000000000000e+00
0.000000000000000000e+00
0.000000000000000000e+00
0.000000000000000000e+00
0.000000000000000000e+00
0.000000000000000000e+00
0.000000000000000000e+00
0.000000000000000000e+00
0.000000000000000000e+00
0.000000000000000000e+00
1.220610000000000028e-01
0.000000000000000000e+00
0.000000000000000000e+00
0.000000000000000000e+00
0.000000000000000000e+00
0.000000000000000000e+00
0.000000000000000000e+00
0.000000000000000000e+00
0.000000000000000000e+00
0.000000000000000000e+00
0.000000000000000000e+00
0.000000000000000000e+00
0.000000000000000000e+00
2.424810000000000021e-01
0.000000000000000000e+00
0.000000000000000000e+00
0.000000000000000000e+00
0.000000000000000000e+00
0.000000000000000000e+00
0.000000000000000000e+00
0.000000000000000000e+00
0.000000000000000000e+00
0.000000000000000000e+00
0.000000000000000000e+00
0.000000000000000000e+00
0.000000000000000000e+00
0.000000000000000000e+00
0.000000000000000000e+00
-5.880959999999999660e-02
-3.984190000000000231e-01
1.072079999999999922e+00
-6.135519999999999863e-01
5.485949999999999854e-02
0.000000000000000000e+00
0.000000000000000000e+00
0.000000000000000000e+00
0.000000000000000000e+00
0.000000000000000000e+00
0.000000000000000000e+00
0.000000000000000000e+00
0.000000000000000000e+00
0.000000000000000000e+00
0.000000000000000000e+00
0.000000000000000000e+00
0.000000000000000000e+00
0.000000000000000000e+00
0.000000000000000000e+00
0.000000000000000000e+00
8.791349999999999998e-01
0.000000000000000000e+00
0.000000000000000000e+00
1.036699999999999955e+00
-6.282020000000000381e-01
0.000000000000000000e+00
0.000000000000000000e+00
0.000000000000000000e+00
-1.350019999999999998e+00
0.000000000000000000e+00
0.000000000000000000e+00
0.000000000000000000e+00
-7.692769999999999886e-01
0.000000000000000000e+00
4.596399999999999930e-01
0.000000000000000000e+00
0.000000000000000000e+00
0.000000000000000000e+00
-1.788170000000000037e+00
0.000000000000000000e+00
-2.919559999999999864e-02
-1.688749999999999973e-01
5.540920000000000289e-01
0.000000000000000000e+00
0.000000000000000000e+00
0.000000000000000000e+00
-5.553879999999999928e-02
0.000000000000000000e+00
0.000000000000000000e+00
1.494779999999999998e+00
0.000000000000000000e+00
0.000000000000000000e+00
-4.141689999999999955e-02
0.000000000000000000e+00
0.000000000000000000e+00
0.000000000000000000e+00
