2.988439999999999985e-01
1.782020000000000132e-02
3.184839999999999893e-01
2.501650000000000262e-01
7.203060000000000018e-01
1.697339999999999960e-01
4.050110000000000099e-01
0.000000000000000000e+00
0.000000000000000000e+00
0.000000000000000000e+00
7.473020000000000218e-01
8.245280000000000664e-03
2.027730000000000088e-01
2.330730000000000024e-01
5.433149999999999785e-02
1.933149999999999868e-01
0.000000000000000000e+00
7.075850000000000195e-01
0.000000000000000000e+00
0.000000000000000000e+00
1.124449999999999950e+00
2.332450000000000079e-01
0.000000000000000000e+00
6.399100000000000621e-02
0.000000000000000000e+00
0.000000000000000000e+00
0.000000000000000000e+00
4.668900000000000272e-01
1.685989999999999989e-01
0.000000000000000000e+00
0.000000000000000000e+00
0.000000000000000000e+00
0.000000000000000000e+00
3.332439999999999847e-01
0.000000000000000000e+00
3.723830000000000195e-01
0.000000000000000000e+00
0.000000000000000000e+00
0.000000000000000000e+00
0.000000000000000000e+00
4.509500000000000175e-01
2.718030000000000168e-01
1.246440000000000048e-01
0.000000000000000000e+00
0.000000000000000000e+00
5.551500000000000185e-02
0.000000000000000000e+00
0.000000000000000000e+00
2.083679999999999977e-01
0.000000000000000000e+00
-1.801760000000000028e-01
0.000000000000000000e+00
-3.844770000000000132e-02
-2.477949999999999875e-01
0.000000000000000000e+00
3.951259999999999772e-01
0.000000000000000000e+00
0.000000000000000000e+00
1.705530000000000102e-01
-5.188099999999999934e-01
1.768770000000000064e-01
0.000000000000000000e+00
0.000000000000000000e+00
0.000000000000000000e+00
0.000000000000000000e+00
1.029979999999999896e+00
6.658669999999999867e-01
0.000000000000000000e+00
0.000000000000000000e+00
0.000000000000000000e+00
-1.665030000000000121e-01
-8.410349999999999770e-02
1.675590000000000135e-01
0.000000000000000000e+00
1.893080000000000040e-01
0.000000000000000000e+00
0.000000000000000000e+00
0.000000000000000000e+00
0.000000000000000000e+00
0.000000000000000000e+00
0.000000000000000000e+00
5.669860000000000178e-02
1.519459999999999977e-01
-1.029820000000000041e-01
8.159669999999999979e-01
0.000000000000000000e+00
0.000000000000000000e+00
-5.952249999999999902e-02
1.551450000000000051e-01
0.000000000000000000e+00
0.000000000000000000e+00
0.000000000000000000e+00
1.404739999999999878e-01
0.000000000000000000e+00
0.000000000000000000e+00
0.000000000000000000e+00
3.186599999999999988e-01
1.678620000000000112e-01
1.669700000000000073e-01
0.000000000000000000e+00
0.000000000000000000e+00
2.114389999999999881e-01
0.000000000000000000e+00
0.000000000000000000e+00
0.000000000000000000e+00
0.000000000000000000e+00
0.000000000000000000e+00
0.000000000000000000e+00
0.000000000000000000e+00
0.000000000000000000e+00
7.062230000000000452e-01
-5.721260000000000234e-02
0.000000000000000000e+00
0.000000000000000000e+00
0.000000000000000000e+00
0.000000000000000000e+00
0.000000000000000000e+00
0.000000000000000000e+00
1.110300000000000037e-01
0.000000000000000000e+00
5.572049999999999920e-02
0.000000000000000000e+00
0.000000000000000000e+00
0.000000000000000000e+00
-1.860479999999999912e-01
-5.853979999999999812e-05
0.000000000000000000e+00
-4.460609999999999853e-01
0.000000000000000000e+00
0.000000000000000000e+00
0.000000000000000000e+00
1.008190000000000058e-01
-3.267399999999999749e-01
0.000000000000000000e+00
3.930029999999999912e-01
3.460920000000000107e-01
0.000000000000000000e+00
0.000000000000000000e+00
-5.016270000000000451e-01
0.000000000000000000e+00
0.000000000000000000e+00
0.000000000000000000e+00
-7.747979999999999867e-01
0.000000000000000000e+00
0.000000000000000000e+00
3.102550000000000099e-02
0.000000000000000000e+00
0.000000000000000000e+00
0.000000000000000000e+00
0.000000000000000000e+00
-1.727650000000000019e-01
-6.963730000000000198e-01
-3.365699999999999803e-01
0.000000000000000000e+00
2.344229999999999925e-02
0.000000000000000000e+00
0.000000000000000000e+00
4.574790000000000106e-02
3.344119999999999732e-02
0.000000000000000000e+00
-4.332050000000000067e-01
0.000000000000000000e+00
0.000000000000000000e+00
8.742070000000000396e-02
0.000000000000000000e+00
-2.393800000000000094e-01
-5.952319999999999833e-02
0.000000000000000000e+00
3.267390000000000017e-01
0.000000000000000000e+00
1.673569999999999919e-02
0.000000000000000000e+00
1.108340000000000020e-01
0.000000000000000000e+00
-1.222150000000000042e-01
0.000000000000000000e+00
0.000000000000000000e+00
0.000000000000000000e+00
0.000000000000000000e+00
0.000000000000000000e+00
0.000000000000000000e+00
0.000000000000000000e+00
8.151890000000000525e-02
4.182720000000000188e-02
5.551500000000000185e-02
0.000000000000000000e+00
-2.758520000000000069e-02
-9.979970000000000507e-02
0.000000000000000000e+00
0.000000000000000000e+00
0.000000000000000000e+00
-3.951830000000000065e-01
0.000000000000000000e+00
0.000000000000000000e+00
0.000000000000000000e+00
-8.797220000000000040e-02
0.000000000000000000e+00
0.000000000000000000e+00
0.000000000000000000e+00
-1.009530000000000038e+00
-2.574520000000000142e-01
0.000000000000000000e+00
0.000000000000000000e+00
0.000000000000000000e+00
-9.220709999999999740e-01
0.000000000000000000e+00
0.000000000000000000e+00
-2.137560000000000016e-01
0.000000000000000000e+00
-8.056259999999999533e-01
0.000000000000000000e+00
0.000000000000000000e+00
0.000000000000000000e+00
0.000000000000000000e+00
0.000000000000000000e+00
0.000000000000000000e+00
0.000000000000000000e+00
0.000000000000000000e+00
0.000000000000000000e+00
0.000000000000000000e+00
-7.462240000000000539e-02
-4.340049999999999741e-01
0.000000000000000000e+00
-7.739430000000000476e-01
0.000000000000000000e+00
0.000000000000000000e+00
-3.904739999999999878e-01
-5.268450000000000077e-01
-1.375379999999999936e-01
-6.051960000000000325e-03
0.000000000000000000e+00
0.000000000000000000e+00
0.000000000000000000e+00
0.000000000000000000e+00
-2.153690000000000049e-01
-2.772170000000000023e+00
1.471680000000000037e-02
-1.816689999999999972e-02
-3.254180000000000267e-02
-4.221779999999999977e-01
0.000000000000000000e+00
-5.074429999999999774e-01
0.000000000000000000e+00
0.000000000000000000e+00
-7.784680000000000488e-01
0.000000000000000000e+00
0.000000000000000000e+00
-2.813539999999999930e-01
0.000000000000000000e+00
0.000000000000000000e+00
-2.138089999999999991e-01
7.879690000000000305e-02
-3.033899999999999930e-01
-8.811419999999999808e-01
0.000000000000000000e+00
0.000000000000000000e+00
-4.232980000000000076e-01
0.000000000000000000e+00
-1.516480000000000050e+00
-1.705359999999999931e-01
-2.215910000000000046e+00
2.392970000000000097e-01
-9.961960000000000259e-02
0.000000000000000000e+00
-1.601440000000000086e-01
0.000000000000000000e+00
-5.208329999999999904e-01
0.000000000000000000e+00
-1.206220000000000070e+00
0.000000000000000000e+00
0.000000000000000000e+00
-4.827549999999999897e-01
0.000000000000000000e+00
-1.767259999999999942e-01
0.000000000000000000e+00
0.000000000000000000e+00
0.000000000000000000e+00
-3.960330000000000239e-01
-1.619690000000000019e-01
-2.543190000000000173e-01
-2.316120000000000123e-01
0.000000000000000000e+00
0.000000000000000000e+00
0.000000000000000000e+00
0.000000000000000000e+00
0.000000000000000000e+00
0.000000000000000000e+00
0.000000000000000000e+00
-1.362119999999999997e+00
-3.014149999999999885e-01
0.000000000000000000e+00
1.646130000000000163e-02
0.000000000000000000e+00
0.000000000000000000e+00
-2.074769999999999948e-01
1.271180000000000088e-01
0.000000000000000000e+00
0.000000000000000000e+00
0.000000000000000000e+00
0.000000000000000000e+00
-6.749540000000000539e-01
1.075679999999999970e-01
0.000000000000000000e+00
0.000000000000000000e+00
0.000000000000000000e+00
0.000000000000000000e+00
0.000000000000000000e+00
6.235230000000000494e-01
0.000000000000000000e+00
0.000000000000000000e+00
0.000000000000000000e+00
0.000000000000000000e+00
2.774900000000000144e-01
0.000000000000000000e+00
0.000000000000000000e+00
9.042540000000000300e-02
0.000000000000000000e+00
0.000000000000000000e+00
0.000000000000000000e+00
0.000000000000000000e+00
5.923479999999999857e-01
0.000000000000000000e+00
-1.835689999999999891e-02
0.000000000000000000e+00
0.000000000000000000e+00
-1.704469999999999943e-02
0.000000000000000000e+00
-7.061060000000000114e-01
-3.211010000000000253e-01
0.000000000000000000e+00
0.000000000000000000e+00
-5.403480000000000505e-01
-8.935199999999999809e-01
0.000000000000000000e+00
0.000000000000000000e+00
0.000000000000000000e+00
-1.170960000000000001e+00
0.000000000000000000e+00
-1.450410000000000033e-01
1.725220000000000087e-01
0.000000000000000000e+00
0.000000000000000000e+00
4.855110000000000259e-01
0.000000000000000000e+00
3.042810000000000237e-01
0.000000000000000000e+00
0.000000000000000000e+00
0.000000000000000000e+00
0.000000000000000000e+00
-1.599810000000000121e-01
0.000000000000000000e+00
6.800359999999999738e-01
0.000000000000000000e+00
-1.013379999999999947e+00
8.976800000000000057e-02
0.000000000000000000e+00
0.000000000000000000e+00
0.000000000000000000e+00
-3.567890000000000228e-01
0.000000000000000000e+00
-3.966180000000000261e-01
2.893680000000000141e-01
0.000000000000000000e+00
-5.420139999999999958e-01
-1.903489999999999904e-01
0.000000000000000000e+00
0.000000000000000000e+00
0.000000000000000000e+00
0.000000000000000000e+00
0.000000000000000000e+00
0.000000000000000000e+00
1.927399999999999947e-01
0.000000000000000000e+00
0.000000000000000000e+00
0.000000000000000000e+00
0.000000000000000000e+00
0.000000000000000000e+00
0.000000000000000000e+00
0.000000000000000000e+00
0.000000000000000000e+00
0.000000000000000000e+00
8.679349999999999565e-02
0.000000000000000000e+00
0.000000000000000000e+00
0.000000000000000000e+00
0.000000000000000000e+00
0.000000000000000000e+00
0.000000000000000000e+00
0.000000000000000000e+00
0.000000000000000000e+00
0.000000000000000000e+00
-5.574419999999999931e-01
0.000000000000000000e+00
0.000000000000000000e+00
0.000000000000000000e+00
0.000000000000000000e+00
0.000000000000000000e+00
0.000000000000000000e+00
0.000000000000000000e+00
0.000000000000000000e+00
0.000000000000000000e+00
0.000000000000000000e+00
0.000000000000000000e+00
0.000000000000000000e+00
0.000000000000000000e+00
0.000000000000000000e+00
0.000000000000000000e+00
0.000000000000000000e+00
0.000000000000000000e+00
0.000000000000000000e+00
0.000000000000000000e+00
0.000000000000000000e+00
-1.176269999999999954e-01
0.000000000000000000e+00
1.340179999999999982e-01
0.000000000000000000e+00
0.000000000000000000e+00
0.000000000000000000e+00
0.000000000000000000e+00
0.000000000000000000e+00
0.000000000000000000e+00
0.000000000000000000e+00
3.021789999999999754e-01
0.000000000000000000e+00
-1.094459999999999988e+00
0.000000000000000000e+00
-6.077580000000000204e-01
0.000000000000000000e+00
0.000000000000000000e+00
3.381120000000000236e-01
1.459070000000000089e-01
0.000000000000000000e+00
0.000000000000000000e+00
-1.201770000000000005e+00
0.000000000000000000e+00
0.000000000000000000e+00
0.000000000000000000e+00
0.000000000000000000e+00
0.000000000000000000e+00
0.000000000000000000e+00
0.000000000000000000e+00
0.000000000000000000e+00
0.000000000000000000e+00
0.000000000000000000e+00
0.000000000000000000e+00
0.000000000000000000e+00
0.000000000000000000e+00
0.000000000000000000e+00
0.000000000000000000e+00
0.000000000000000000e+00
0.000000000000000000e+00
0.000000000000000000e+00
-1.282979999999999954e-01
0.000000000000000000e+00
0.000000000000000000e+00
0.000000000000000000e+00
0.000000000000000000e+00
0.000000000000000000e+00
-4.589809999999999723e-01
0.000000000000000000e+00
0.000000000000000000e+00
0.000000000000000000e+00
-1.661160000000000136e-01
0.000000000000000000e+00
0.000000000000000000e+00
0.000000000000000000e+00
