7.057489999999999597e-01
-9.915019999999999389e-02
7.678869999999999862e-01
2.186770000000000103e+00
7.700059999999999683e-01
7.662870000000000514e-01
5.239500000000000268e-01
0.000000000000000000e+00
0.000000000000000000e+00
0.000000000000000000e+00
3.495079999999999854e-01
6.214929999999999621e-01
0.000000000000000000e+00
1.243100000000000094e+00
5.051379999999999759e-02
-4.000949999999999784e-01
8.223169999999999646e-01
3.093980000000000063e-01
0.000000000000000000e+00
6.371730000000000449e-02
7.271170000000000133e-01
8.240079999999999627e-02
0.000000000000000000e+00
9.548729999999999718e-01
7.751200000000000312e-01
0.000000000000000000e+00
1.482350000000000056e-01
5.397950000000000248e-01
0.000000000000000000e+00
0.000000000000000000e+00
0.000000000000000000e+00
4.930030000000000245e-01
0.000000000000000000e+00
6.073859999999999676e-02
0.000000000000000000e+00
3.388189999999999813e-01
0.000000000000000000e+00
1.683989999999999931e-01
0.000000000000000000e+00
8.750850000000000017e-01
5.275819999999999954e-01
4.631899999999999906e-01
0.000000000000000000e+00
0.000000000000000000e+00
2.986770000000000258e-01
3.892639999999999989e-01
0.000000000000000000e+00
1.201859999999999928e+00
5.953580000000000538e-01
0.000000000000000000e+00
0.000000000000000000e+00
0.000000000000000000e+00
1.977609999999999923e-01
0.000000000000000000e+00
0.000000000000000000e+00
1.834119999999999917e-01
5.968780000000000197e-01
0.000000000000000000e+00
5.495949999999999447e-01
-5.488300000000000123e-02
0.000000000000000000e+00
-4.724969999999999865e-02
0.000000000000000000e+00
0.000000000000000000e+00
0.000000000000000000e+00
0.000000000000000000e+00
-8.351060000000000427e-02
0.000000000000000000e+00
0.000000000000000000e+00
0.000000000000000000e+00
-1.343600000000000072e-01
0.000000000000000000e+00
3.910879999999999912e-01
9.216879999999999518e-02
0.000000000000000000e+00
0.000000000000000000e+00
3.608339999999999881e-01
0.000000000000000000e+00
2.877250000000000085e-01
0.000000000000000000e+00
3.508310000000000040e-01
7.280140000000000500e-01
0.000000000000000000e+00
0.000000000000000000e+00
7.011560000000000015e-01
0.000000000000000000e+00
0.000000000000000000e+00
2.289329999999999976e-01
0.000000000000000000e+00
0.000000000000000000e+00
0.000000000000000000e+00
7.911299999999999999e-01
4.808390000000000164e-01
7.774189999999999712e-01
1.956360000000000043e-01
0.000000000000000000e+00
0.000000000000000000e+00
0.000000000000000000e+00
0.000000000000000000e+00
1.600999999999999923e-01
0.000000000000000000e+00
0.000000000000000000e+00
0.000000000000000000e+00
0.000000000000000000e+00
0.000000000000000000e+00
0.000000000000000000e+00
0.000000000000000000e+00
0.000000000000000000e+00
5.502390000000000336e-01
0.000000000000000000e+00
0.000000000000000000e+00
0.000000000000000000e+00
0.000000000000000000e+00
1.253600000000000048e+00
0.000000000000000000e+00
3.309369999999999812e-01
-6.232109999999999733e-02
0.000000000000000000e+00
0.000000000000000000e+00
0.000000000000000000e+00
0.000000000000000000e+00
0.000000000000000000e+00
-2.760900000000000021e-01
0.000000000000000000e+00
0.000000000000000000e+00
4.323480000000000101e-01
4.293830000000000147e-01
0.000000000000000000e+00
5.119259999999999783e-02
0.000000000000000000e+00
0.000000000000000000e+00
-2.417729999999999879e-01
-1.489290000000000058e-02
0.000000000000000000e+00
9.067809999999999482e-01
9.752760000000000318e-01
-1.140239999999999920e+00
0.000000000000000000e+00
2.196859999999999924e-01
0.000000000000000000e+00
-3.547859999999999903e-01
0.000000000000000000e+00
0.000000000000000000e+00
0.000000000000000000e+00
0.000000000000000000e+00
5.818119999999999958e-01
-7.516110000000000291e-01
-1.204669999999999908e+00
0.000000000000000000e+00
0.000000000000000000e+00
0.000000000000000000e+00
-3.793650000000000078e-01
0.000000000000000000e+00
0.000000000000000000e+00
1.941049999999999998e-01
0.000000000000000000e+00
0.000000000000000000e+00
-8.210389999999999355e-02
0.000000000000000000e+00
0.000000000000000000e+00
0.000000000000000000e+00
0.000000000000000000e+00
1.012559999999999988e-01
-9.621650000000000480e-01
0.000000000000000000e+00
-1.610230000000000050e+00
-3.471400000000000041e-01
-5.916620000000000212e-01
4.810110000000000219e-01
0.000000000000000000e+00
0.000000000000000000e+00
0.000000000000000000e+00
0.000000000000000000e+00
0.000000000000000000e+00
6.961270000000000513e-01
0.000000000000000000e+00
0.000000000000000000e+00
3.430980000000000141e-01
0.000000000000000000e+00
0.000000000000000000e+00
-6.984580000000000233e-01
0.000000000000000000e+00
-9.604999999999999649e-02
3.253489999999999993e-01
1.637000000000000122e-01
0.000000000000000000e+00
1.123009999999999980e-01
-5.058449999999999926e-04
5.306489999999999645e-03
0.000000000000000000e+00
0.000000000000000000e+00
-6.906379999999999741e-01
0.000000000000000000e+00
2.184149999999999980e-01
0.000000000000000000e+00
-1.255330000000000057e-01
0.000000000000000000e+00
0.000000000000000000e+00
-4.144030000000000213e-01
0.000000000000000000e+00
0.000000000000000000e+00
0.000000000000000000e+00
0.000000000000000000e+00
0.000000000000000000e+00
0.000000000000000000e+00
0.000000000000000000e+00
0.000000000000000000e+00
0.000000000000000000e+00
0.000000000000000000e+00
0.000000000000000000e+00
0.000000000000000000e+00
0.000000000000000000e+00
0.000000000000000000e+00
0.000000000000000000e+00
0.000000000000000000e+00
0.000000000000000000e+00
0.000000000000000000e+00
0.000000000000000000e+00
0.000000000000000000e+00
0.000000000000000000e+00
0.000000000000000000e+00
0.000000000000000000e+00
0.000000000000000000e+00
-1.518289999999999917e-01
1.538899999999999935e+00
0.000000000000000000e+00
0.000000000000000000e+00
0.000000000000000000e+00
1.223120000000000041e-01
0.000000000000000000e+00
0.000000000000000000e+00
0.000000000000000000e+00
0.000000000000000000e+00
3.892639999999999989e-01
0.000000000000000000e+00
0.000000000000000000e+00
1.952869999999999884e-01
0.000000000000000000e+00
0.000000000000000000e+00
0.000000000000000000e+00
-9.404400000000000537e-01
0.000000000000000000e+00
0.000000000000000000e+00
7.177890000000000104e-01
0.000000000000000000e+00
0.000000000000000000e+00
0.000000000000000000e+00
0.000000000000000000e+00
0.000000000000000000e+00
6.737140000000000351e-01
-7.709519999999999706e-01
6.564910000000000467e-01
0.000000000000000000e+00
-5.108359999999999568e-01
0.000000000000000000e+00
3.039180000000000215e-01
0.000000000000000000e+00
0.000000000000000000e+00
0.000000000000000000e+00
5.560279999999999667e-01
-1.723260000000000014e+00
1.949809999999999877e-01
0.000000000000000000e+00
-4.895030000000000214e-01
0.000000000000000000e+00
0.000000000000000000e+00
0.000000000000000000e+00
0.000000000000000000e+00
0.000000000000000000e+00
0.000000000000000000e+00
0.000000000000000000e+00
-4.132520000000000082e-01
-1.144540000000000002e-01
0.000000000000000000e+00
0.000000000000000000e+00
1.187900000000000067e-01
-2.810320000000000040e-01
0.000000000000000000e+00
0.000000000000000000e+00
0.000000000000000000e+00
0.000000000000000000e+00
-3.090490000000000181e-01
-1.769879999999999898e+00
0.000000000000000000e+00
0.000000000000000000e+00
-6.511599999999999611e-01
0.000000000000000000e+00
-5.689619999999999678e-01
-2.307680000000000009e-01
0.000000000000000000e+00
0.000000000000000000e+00
3.390520000000000339e-02
-1.128830000000000000e+00
0.000000000000000000e+00
0.000000000000000000e+00
-3.425440000000000151e-01
0.000000000000000000e+00
0.000000000000000000e+00
-1.074959999999999943e-01
0.000000000000000000e+00
0.000000000000000000e+00
0.000000000000000000e+00
-4.986559999999999881e-01
0.000000000000000000e+00
3.142380000000000173e-01
-1.155150000000000066e-01
-1.069639999999999924e+00
0.000000000000000000e+00
-8.033150000000000013e-01
0.000000000000000000e+00
0.000000000000000000e+00
-4.261070000000000135e-01
8.835469999999999713e-01
0.000000000000000000e+00
0.000000000000000000e+00
-5.556060000000000443e-01
0.000000000000000000e+00
0.000000000000000000e+00
2.717760000000000176e-01
0.000000000000000000e+00
-6.069929999999999770e-02
0.000000000000000000e+00
-1.289570000000000105e+00
0.000000000000000000e+00
0.000000000000000000e+00
-2.101600000000000135e-01
0.000000000000000000e+00
0.000000000000000000e+00
1.507570000000000021e-01
-2.446369999999999933e-01
0.000000000000000000e+00
0.000000000000000000e+00
0.000000000000000000e+00
-1.766449999999999965e-01
0.000000000000000000e+00
-6.890749999999999931e-01
0.000000000000000000e+00
-4.626120000000000232e-01
-1.279069999999999929e+00
3.860779999999999768e-01
-2.309789999999999899e-01
0.000000000000000000e+00
0.000000000000000000e+00
-3.009500000000000022e-02
0.000000000000000000e+00
0.000000000000000000e+00
0.000000000000000000e+00
0.000000000000000000e+00
-4.237589999999999968e-01
-5.110259999999999803e-01
-1.025670000000000054e-01
1.029299999999999937e-01
0.000000000000000000e+00
0.000000000000000000e+00
7.498480000000000423e-02
-1.416449999999999987e+00
0.000000000000000000e+00
-6.290989999999999638e-01
0.000000000000000000e+00
-2.522380000000000178e-01
0.000000000000000000e+00
-2.593070000000000097e-01
0.000000000000000000e+00
6.374279999999999946e-01
0.000000000000000000e+00
0.000000000000000000e+00
-8.174660000000000259e-02
0.000000000000000000e+00
-2.838609999999999745e-01
0.000000000000000000e+00
0.000000000000000000e+00
-5.045230000000000548e-01
-9.319739999999999691e-01
0.000000000000000000e+00
0.000000000000000000e+00
0.000000000000000000e+00
0.000000000000000000e+00
0.000000000000000000e+00
0.000000000000000000e+00
0.000000000000000000e+00
0.000000000000000000e+00
0.000000000000000000e+00
0.000000000000000000e+00
0.000000000000000000e+00
0.000000000000000000e+00
0.000000000000000000e+00
0.000000000000000000e+00
-9.054269999999999818e-01
-1.156469999999999998e-01
0.000000000000000000e+00
0.000000000000000000e+00
0.000000000000000000e+00
0.000000000000000000e+00
0.000000000000000000e+00
0.000000000000000000e+00
0.000000000000000000e+00
0.000000000000000000e+00
0.000000000000000000e+00
0.000000000000000000e+00
0.000000000000000000e+00
0.000000000000000000e+00
0.000000000000000000e+00
0.000000000000000000e+00
0.000000000000000000e+00
0.000000000000000000e+00
0.000000000000000000e+00
0.000000000000000000e+00
-3.509300000000000197e-01
0.000000000000000000e+00
0.000000000000000000e+00
0.000000000000000000e+00
0.000000000000000000e+00
0.000000000000000000e+00
0.000000000000000000e+00
0.000000000000000000e+00
0.000000000000000000e+00
0.000000000000000000e+00
0.000000000000000000e+00
-1.189880000000000049e+00
0.000000000000000000e+00
0.000000000000000000e+00
0.000000000000000000e+00
2.973780000000000173e-02
-3.240549999999999820e-01
-9.661049999999999915e-01
0.000000000000000000e+00
-2.083609999999999907e-01
6.126580000000000359e-01
-1.809989999999999932e-01
0.000000000000000000e+00
0.000000000000000000e+00
0.000000000000000000e+00
0.000000000000000000e+00
2.086660000000000181e+00
-3.734640000000000182e-01
0.000000000000000000e+00
0.000000000000000000e+00
0.000000000000000000e+00
-1.505859999999999976e-01
0.000000000000000000e+00
0.000000000000000000e+00
0.000000000000000000e+00
0.000000000000000000e+00
0.000000000000000000e+00
0.000000000000000000e+00
-3.822309999999999874e-01
0.000000000000000000e+00
0.000000000000000000e+00
0.000000000000000000e+00
-6.255830000000000002e-01
0.000000000000000000e+00
-2.393780000000000074e-01
-2.573300000000000032e-01
0.000000000000000000e+00
0.000000000000000000e+00
0.000000000000000000e+00
0.000000000000000000e+00
0.000000000000000000e+00
0.000000000000000000e+00
-5.470599999999999768e-02
0.000000000000000000e+00
-9.184930000000000039e-01
0.000000000000000000e+00
0.000000000000000000e+00
0.000000000000000000e+00
0.000000000000000000e+00
