1.977510000000000101e+00
-4.699250000000000302e-03
1.029549999999999965e+00
1.520469999999999988e+00
0.000000000000000000e+00
1.753609999999999891e+00
0.000000000000000000e+00
0.000000000000000000e+00
0.000000000000000000e+00
8.913219999999999477e-01
2.059930000000000039e+00
7.643670000000000186e-01
1.546349999999999891e+00
0.000000000000000000e+00
3.830899999999999861e-01
-3.748299999999999965e-01
0.000000000000000000e+00
0.000000000000000000e+00
0.000000000000000000e+00
0.000000000000000000e+00
1.233510000000000106e+00
-2.678639999999999910e-01
0.000000000000000000e+00
1.528389999999999915e+00
2.487000000000000099e+00
-2.678639999999999910e-01
0.000000000000000000e+00
1.344400000000000039e+00
0.000000000000000000e+00
2.151180000000000037e-01
0.000000000000000000e+00
6.535039999999999738e-01
7.886440000000000117e-01
4.897520000000000207e-01
0.000000000000000000e+00
4.986240000000000117e-01
0.000000000000000000e+00
3.589100000000000068e-01
4.941690000000000249e-01
6.944770000000000110e-01
1.189319999999999933e+00
0.000000000000000000e+00
8.119309999999999583e-01
1.284350000000000103e+00
0.000000000000000000e+00
8.660679999999999490e-01
0.000000000000000000e+00
0.000000000000000000e+00
1.667229999999999990e+00
1.783630000000000049e+00
-3.079919999999999880e-01
0.000000000000000000e+00
4.026429999999999731e-01
0.000000000000000000e+00
4.444089999999999985e-01
2.043459999999999999e-01
1.126679999999999904e+00
0.000000000000000000e+00
4.275590000000000224e-01
0.000000000000000000e+00
0.000000000000000000e+00
3.368260000000000143e-01
9.924800000000000288e-01
0.000000000000000000e+00
0.000000000000000000e+00
0.000000000000000000e+00
-4.186150000000000149e-01
0.000000000000000000e+00
1.310079999999999911e+00
0.000000000000000000e+00
-4.876619999999999844e-01
-1.033579999999999943e+00
5.674510000000000387e-01
0.000000000000000000e+00
6.969940000000000024e-01
0.000000000000000000e+00
0.000000000000000000e+00
0.000000000000000000e+00
9.117060000000000164e-01
0.000000000000000000e+00
-4.101310000000000233e-01
1.141110000000000069e+00
0.000000000000000000e+00
0.000000000000000000e+00
8.650879999999999681e-01
1.132260000000000044e+00
0.000000000000000000e+00
0.000000000000000000e+00
-1.488480000000000011e-02
0.000000000000000000e+00
0.000000000000000000e+00
2.304269999999999929e-01
4.935910000000000020e-01
-2.678639999999999910e-01
1.175340000000000065e-02
0.000000000000000000e+00
0.000000000000000000e+00
2.027420000000000055e-01
7.666610000000000091e-02
0.000000000000000000e+00
-1.268660000000000065e-01
0.000000000000000000e+00
0.000000000000000000e+00
-4.253629999999999911e-01
-1.345550000000000079e-01
0.000000000000000000e+00
0.000000000000000000e+00
0.000000000000000000e+00
0.000000000000000000e+00
3.991410000000000236e-01
0.000000000000000000e+00
5.187519999999999909e-01
0.000000000000000000e+00
8.217010000000000147e-01
0.000000000000000000e+00
4.320120000000000210e-02
-2.744920000000000138e-01
0.000000000000000000e+00
1.292310000000000070e+00
0.000000000000000000e+00
1.476230000000000042e-01
-1.166409999999999947e+00
-4.102339999999999876e+00
0.000000000000000000e+00
0.000000000000000000e+00
0.000000000000000000e+00
0.000000000000000000e+00
0.000000000000000000e+00
3.970870000000000233e-01
0.000000000000000000e+00
0.000000000000000000e+00
0.000000000000000000e+00
0.000000000000000000e+00
0.000000000000000000e+00
2.125489999999999879e-01
1.246490000000000055e-03
0.000000000000000000e+00
-1.286780000000000042e-02
0.000000000000000000e+00
0.000000000000000000e+00
0.000000000000000000e+00
0.000000000000000000e+00
0.000000000000000000e+00
0.000000000000000000e+00
0.000000000000000000e+00
-2.691100000000000159e-01
-9.042110000000000425e-02
0.000000000000000000e+00
3.737619999999999831e-01
1.345929999999999904e-01
0.000000000000000000e+00
9.317250000000000532e-02
-2.547789999999999777e-01
0.000000000000000000e+00
-7.694689999999999586e-01
-2.994589999999999752e-01
-7.513419999999999821e-02
0.000000000000000000e+00
0.000000000000000000e+00
-1.133879999999999999e+00
0.000000000000000000e+00
3.165810000000000013e-01
6.916459999999999830e-01
-3.018870000000000164e-01
1.872280000000000055e-01
0.000000000000000000e+00
0.000000000000000000e+00
0.000000000000000000e+00
5.229009999999999492e-01
-1.362370000000000081e+00
-6.762610000000000010e-01
0.000000000000000000e+00
0.000000000000000000e+00
0.000000000000000000e+00
2.000000000000000000e+00
0.000000000000000000e+00
0.000000000000000000e+00
3.459949999999999970e-01
0.000000000000000000e+00
-9.010089999999999488e-01
0.000000000000000000e+00
-1.136079999999999979e+00
-2.042160000000000086e-01
9.543209999999999749e-01
6.226960000000000273e-01
-3.248860000000000081e-01
1.538820000000000077e+00
0.000000000000000000e+00
3.713380000000000014e-01
0.000000000000000000e+00
-3.188849999999999740e-01
-3.690300000000000247e-01
0.000000000000000000e+00
0.000000000000000000e+00
0.000000000000000000e+00
0.000000000000000000e+00
8.910109999999999975e-01
0.000000000000000000e+00
0.000000000000000000e+00
0.000000000000000000e+00
0.000000000000000000e+00
0.000000000000000000e+00
0.000000000000000000e+00
0.000000000000000000e+00
0.000000000000000000e+00
0.000000000000000000e+00
0.000000000000000000e+00
0.000000000000000000e+00
0.000000000000000000e+00
-5.712599999999999900e-01
0.000000000000000000e+00
1.304580000000000073e+00
1.393070000000000030e+00
0.000000000000000000e+00
1.659100000000000019e+00
0.000000000000000000e+00
0.000000000000000000e+00
0.000000000000000000e+00
0.000000000000000000e+00
0.000000000000000000e+00
-1.571099999999999997e-01
0.000000000000000000e+00
0.000000000000000000e+00
-1.873700000000000088e-01
1.064990000000000103e+00
0.000000000000000000e+00
0.000000000000000000e+00
0.000000000000000000e+00
2.875530000000000100e-02
5.534109999999999863e-01
0.000000000000000000e+00
0.000000000000000000e+00
0.000000000000000000e+00
2.548300000000000010e-01
0.000000000000000000e+00
0.000000000000000000e+00
1.618009999999999948e+00
-1.245069999999999899e+00
0.000000000000000000e+00
7.627910000000000246e-02
-1.604289999999999883e-01
0.000000000000000000e+00
2.079350000000000087e-01
6.680629999999999624e-01
0.000000000000000000e+00
0.000000000000000000e+00
0.000000000000000000e+00
0.000000000000000000e+00
0.000000000000000000e+00
3.281209999999999960e-01
0.000000000000000000e+00
7.074599999999999778e-01
-2.529790000000000094e-01
-2.789039999999999964e+00
0.000000000000000000e+00
8.224180000000000379e-02
-5.128479999999999706e-01
0.000000000000000000e+00
0.000000000000000000e+00
6.899229999999999530e-01
-1.149739999999999984e+00
-2.529790000000000094e-01
0.000000000000000000e+00
0.000000000000000000e+00
0.000000000000000000e+00
7.014340000000000019e-01
0.000000000000000000e+00
0.000000000000000000e+00
0.000000000000000000e+00
-1.728569999999999940e+00
-5.053279999999999994e-01
9.073150000000000659e-02
0.000000000000000000e+00
0.000000000000000000e+00
0.000000000000000000e+00
0.000000000000000000e+00
1.161510000000000042e+00
0.000000000000000000e+00
0.000000000000000000e+00
0.000000000000000000e+00
1.883650000000000047e+00
-3.432430000000000203e-01
0.000000000000000000e+00
0.000000000000000000e+00
-9.013050000000000228e-01
2.259410000000000029e-01
-3.620519999999999988e-02
0.000000000000000000e+00
-3.431790000000000118e-01
-5.123790000000000289e-01
0.000000000000000000e+00
0.000000000000000000e+00
-9.079709999999999726e-01
0.000000000000000000e+00
5.353099999999999525e-01
0.000000000000000000e+00
0.000000000000000000e+00
0.000000000000000000e+00
0.000000000000000000e+00
0.000000000000000000e+00
-1.806689999999999907e+00
4.784450000000000092e-01
0.000000000000000000e+00
0.000000000000000000e+00
0.000000000000000000e+00
-1.120239999999999903e+00
-5.414919999999999733e-01
0.000000000000000000e+00
0.000000000000000000e+00
0.000000000000000000e+00
0.000000000000000000e+00
1.303759999999999919e-01
7.924539999999999917e-01
0.000000000000000000e+00
0.000000000000000000e+00
-6.527699999999999614e-01
0.000000000000000000e+00
0.000000000000000000e+00
1.057799999999999990e-01
-8.750010000000000288e-01
-6.418220000000000036e-01
-5.544459999999999944e-01
-3.909810000000000230e-01
0.000000000000000000e+00
8.920639999999999681e-01
-2.903109999999999857e-01
0.000000000000000000e+00
0.000000000000000000e+00
4.816670000000000118e-01
0.000000000000000000e+00
0.000000000000000000e+00
-1.605979999999999963e+00
-1.049150000000000027e+00
-6.484280000000000599e-02
0.000000000000000000e+00
-4.296570000000000111e-01
0.000000000000000000e+00
0.000000000000000000e+00
0.000000000000000000e+00
8.694629999999999859e-01
0.000000000000000000e+00
-1.945270000000000055e+00
-5.000820000000000265e-01
1.290830000000000033e-01
9.216450000000000475e-01
0.000000000000000000e+00
8.174770000000000092e-01
-4.302079999999999793e-01
-1.106520000000000004e-01
0.000000000000000000e+00
0.000000000000000000e+00
-7.522149999999999670e-02
0.000000000000000000e+00
-1.600440000000000085e+00
0.000000000000000000e+00
-2.577080000000000037e+00
0.000000000000000000e+00
-3.743250000000000050e-03
0.000000000000000000e+00
0.000000000000000000e+00
-4.523819999999999578e-03
0.000000000000000000e+00
0.000000000000000000e+00
0.000000000000000000e+00
-8.075120000000000076e-01
0.000000000000000000e+00
-1.232499999999999984e-01
-1.280750000000000055e+00
-6.740749999999999797e-01
0.000000000000000000e+00
0.000000000000000000e+00
-1.062010000000000037e-01
0.000000000000000000e+00
0.000000000000000000e+00
0.000000000000000000e+00
0.000000000000000000e+00
-9.998019999999999685e-01
0.000000000000000000e+00
0.000000000000000000e+00
0.000000000000000000e+00
0.000000000000000000e+00
-4.985809999999999964e-01
0.000000000000000000e+00
0.000000000000000000e+00
0.000000000000000000e+00
0.000000000000000000e+00
0.000000000000000000e+00
-1.806079999999999908e+00
0.000000000000000000e+00
7.502220000000000555e-01
0.000000000000000000e+00
0.000000000000000000e+00
0.000000000000000000e+00
0.000000000000000000e+00
0.000000000000000000e+00
-1.885519999999999974e-01
0.000000000000000000e+00
0.000000000000000000e+00
0.000000000000000000e+00
0.000000000000000000e+00
0.000000000000000000e+00
0.000000000000000000e+00
-2.134240000000000026e-01
0.000000000000000000e+00
0.000000000000000000e+00
0.000000000000000000e+00
0.000000000000000000e+00
-5.409420000000000339e-01
-7.030440000000000023e-01
0.000000000000000000e+00
0.000000000000000000e+00
0.000000000000000000e+00
0.000000000000000000e+00
-1.952699999999999991e-01
-2.549960000000000004e-01
-8.766199999999999548e-01
-1.587739999999999985e-01
0.000000000000000000e+00
0.000000000000000000e+00
0.000000000000000000e+00
-5.212419999999999831e-01
0.000000000000000000e+00
-6.982649999999999968e-02
-1.689130000000000076e-01
-7.271109999999999518e-01
0.000000000000000000e+00
-7.996169999999999667e-02
0.000000000000000000e+00
0.000000000000000000e+00
-8.484899999999999665e-01
0.000000000000000000e+00
0.000000000000000000e+00
0.000000000000000000e+00
0.000000000000000000e+00
0.000000000000000000e+00
0.000000000000000000e+00
-4.497470000000000079e-01
0.000000000000000000e+00
0.000000000000000000e+00
-4.811619999999999786e-01
0.000000000000000000e+00
0.000000000000000000e+00
-7.935959999999999681e-01
-1.324520000000000038e-02
1.357210000000000083e-01
0.000000000000000000e+00
0.000000000000000000e+00
0.000000000000000000e+00
-1.323180000000000023e+00
-1.148460000000000036e-01
0.000000000000000000e+00
-6.862090000000000377e-03
-4.239780000000000215e-01
0.000000000000000000e+00
0.000000000000000000e+00
0.000000000000000000e+00
-3.237670000000000270e-01
-3.425099999999999811e-01
-2.343659999999999854e+00
0.000000000000000000e+00
0.000000000000000000e+00
-1.422719999999999985e+00
1.506010000000000126e-01
0.000000000000000000e+00
0.000000000000000000e+00
-1.312880000000000047e+00
