0.000000000000000000e+00
0.000000000000000000e+00
0.000000000000000000e+00
0.000000000000000000e+00
7.991390000000000438e-01
0.000000000000000000e+00
2.604360000000000008e-01
0.000000000000000000e+00
0.000000000000000000e+00
0.000000000000000000e+00
0.000000000000000000e+00
0.000000000000000000e+00
0.000000000000000000e+00
0.000000000000000000e+00
0.000000000000000000e+00
-1.252860000000000085e-01
0.000000000000000000e+00
4.924629999999999841e-01
4.212640000000000134e-02
0.000000000000000000e+00
0.000000000000000000e+00
3.610229999999999828e-01
0.000000000000000000e+00
0.000000000000000000e+00
0.000000000000000000e+00
0.000000000000000000e+00
0.000000000000000000e+00
-2.172000000000000042e-01
0.000000000000000000e+00
0.000000000000000000e+00
0.000000000000000000e+00
0.000000000000000000e+00
0.000000000000000000e+00
0.000000000000000000e+00
0.000000000000000000e+00
1.396419999999999884e-01
0.000000000000000000e+00
1.724279999999999979e-01
0.000000000000000000e+00
0.000000000000000000e+00
0.000000000000000000e+00
2.300740000000000007e-01
0.000000000000000000e+00
0.000000000000000000e+00
0.000000000000000000e+00
-5.777590000000000225e-01
0.000000000000000000e+00
-2.200129999999999864e-01
0.000000000000000000e+00
0.000000000000000000e+00
0.000000000000000000e+00
0.000000000000000000e+00
0.000000000000000000e+00
-8.915599999999999914e-02
4.516220000000000234e-01
1.795049999999999979e-01
-1.783850000000000019e-02
0.000000000000000000e+00
0.000000000000000000e+00
0.000000000000000000e+00
0.000000000000000000e+00
-7.636960000000000415e-01
0.000000000000000000e+00
0.000000000000000000e+00
0.000000000000000000e+00
8.134710000000000552e-01
3.419660000000000061e-02
-4.500449999999999728e-01
0.000000000000000000e+00
0.000000000000000000e+00
-1.429249999999999965e-01
0.000000000000000000e+00
0.000000000000000000e+00
-9.604219999999999424e-02
0.000000000000000000e+00
8.243270000000000319e-01
0.000000000000000000e+00
0.000000000000000000e+00
0.000000000000000000e+00
0.000000000000000000e+00
0.000000000000000000e+00
0.000000000000000000e+00
0.000000000000000000e+00
0.000000000000000000e+00
6.406500000000000528e-01
0.000000000000000000e+00
0.000000000000000000e+00
-3.228210000000000246e-01
0.000000000000000000e+00
0.000000000000000000e+00
0.000000000000000000e+00
0.000000000000000000e+00
0.000000000000000000e+00
0.000000000000000000e+00
-4.128539999999999988e-02
0.000000000000000000e+00
0.000000000000000000e+00
0.000000000000000000e+00
0.000000000000000000e+00
0.000000000000000000e+00
0.000000000000000000e+00
2.292339999999999933e-01
2.596089999999999787e-01
0.000000000000000000e+00
0.000000000000000000e+00
7.475220000000000475e-02
1.058749999999999969e-01
2.136810000000000098e+00
1.256829999999999892e-01
1.205780000000000046e-03
7.523910000000000320e-02
1.897959999999999925e-01
0.000000000000000000e+00
1.060540000000000038e+00
0.000000000000000000e+00
0.000000000000000000e+00
0.000000000000000000e+00
0.000000000000000000e+00
0.000000000000000000e+00
0.000000000000000000e+00
0.000000000000000000e+00
0.000000000000000000e+00
2.970700000000000007e-01
4.322750000000000203e-01
-5.398619999999999808e-02
0.000000000000000000e+00
0.000000000000000000e+00
0.000000000000000000e+00
0.000000000000000000e+00
0.000000000000000000e+00
9.784049999999999692e-02
1.966839999999999977e-01
-2.682899999999999868e-02
2.401419999999999944e-01
8.126290000000000457e-01
0.000000000000000000e+00
0.000000000000000000e+00
0.000000000000000000e+00
0.000000000000000000e+00
0.000000000000000000e+00
0.000000000000000000e+00
0.000000000000000000e+00
0.000000000000000000e+00
2.118779999999999969e-02
0.000000000000000000e+00
3.690800000000000192e-01
5.403379999999999850e-01
0.000000000000000000e+00
0.000000000000000000e+00
0.000000000000000000e+00
1.207440000000000041e-01
-1.261390000000000011e-01
-2.634190000000000142e-01
0.000000000000000000e+00
0.000000000000000000e+00
4.383040000000000269e-01
0.000000000000000000e+00
1.876329999999999942e-01
0.000000000000000000e+00
0.000000000000000000e+00
0.000000000000000000e+00
0.000000000000000000e+00
0.000000000000000000e+00
5.976750000000000118e-02
0.000000000000000000e+00
0.000000000000000000e+00
2.831159999999999788e-01
0.000000000000000000e+00
0.000000000000000000e+00
0.000000000000000000e+00
0.000000000000000000e+00
1.019320000000000004e+00
1.558380000000000043e-01
0.000000000000000000e+00
0.000000000000000000e+00
0.000000000000000000e+00
0.000000000000000000e+00
2.249800000000000133e-01
-5.449860000000000121e-02
7.495730000000000448e-01
0.000000000000000000e+00
6.421130000000000448e-01
3.169669999999999987e-01
7.115160000000000373e-01
0.000000000000000000e+00
0.000000000000000000e+00
0.000000000000000000e+00
-2.709889999999999799e-01
3.393109999999999737e-01
0.000000000000000000e+00
0.000000000000000000e+00
0.000000000000000000e+00
1.627450000000000012e-04
0.000000000000000000e+00
0.000000000000000000e+00
-2.808359999999999745e-01
0.000000000000000000e+00
0.000000000000000000e+00
0.000000000000000000e+00
-2.724800000000000000e-01
-5.304879999999999596e-01
0.000000000000000000e+00
0.000000000000000000e+00
0.000000000000000000e+00
0.000000000000000000e+00
0.000000000000000000e+00
-1.408709999999999962e-01
-1.434360000000000079e-01
0.000000000000000000e+00
-7.470740000000000158e-01
0.000000000000000000e+00
0.000000000000000000e+00
0.000000000000000000e+00
0.000000000000000000e+00
0.000000000000000000e+00
0.000000000000000000e+00
0.000000000000000000e+00
0.000000000000000000e+00
0.000000000000000000e+00
0.000000000000000000e+00
0.000000000000000000e+00
-4.205329999999999901e-01
0.000000000000000000e+00
-6.593069999999999764e-01
0.000000000000000000e+00
0.000000000000000000e+00
-1.523490000000000122e-01
-1.020559999999999939e-01
1.253970000000000085e-02
-2.071040000000000103e-01
0.000000000000000000e+00
0.000000000000000000e+00
0.000000000000000000e+00
-2.301330000000000042e-01
0.000000000000000000e+00
0.000000000000000000e+00
0.000000000000000000e+00
0.000000000000000000e+00
0.000000000000000000e+00
-5.063860000000000028e-01
0.000000000000000000e+00
-1.862580000000000069e-01
0.000000000000000000e+00
0.000000000000000000e+00
0.000000000000000000e+00
0.000000000000000000e+00
-1.123370000000000063e-01
0.000000000000000000e+00
0.000000000000000000e+00
0.000000000000000000e+00
-4.205329999999999901e-01
2.636229999999999962e-01
0.000000000000000000e+00
-4.590190000000000103e-01
0.000000000000000000e+00
-1.616089999999999888e-02
0.000000000000000000e+00
0.000000000000000000e+00
-6.336000000000000520e-01
0.000000000000000000e+00
-1.837699999999999889e+00
0.000000000000000000e+00
0.000000000000000000e+00
0.000000000000000000e+00
0.000000000000000000e+00
0.000000000000000000e+00
0.000000000000000000e+00
0.000000000000000000e+00
0.000000000000000000e+00
-3.348820000000000269e-02
0.000000000000000000e+00
-8.226469999999999616e-02
0.000000000000000000e+00
0.000000000000000000e+00
0.000000000000000000e+00
0.000000000000000000e+00
-6.456990000000000229e-01
0.000000000000000000e+00
0.000000000000000000e+00
0.000000000000000000e+00
-3.252700000000000036e-01
-2.336739999999999928e-01
0.000000000000000000e+00
0.000000000000000000e+00
0.000000000000000000e+00
0.000000000000000000e+00
4.616019999999999845e-02
0.000000000000000000e+00
-6.171250000000000346e-01
0.000000000000000000e+00
0.000000000000000000e+00
0.000000000000000000e+00
0.000000000000000000e+00
0.000000000000000000e+00
-9.988059999999999994e-02
0.000000000000000000e+00
0.000000000000000000e+00
0.000000000000000000e+00
0.000000000000000000e+00
0.000000000000000000e+00
0.000000000000000000e+00
0.000000000000000000e+00
0.000000000000000000e+00
2.600029999999999841e-01
0.000000000000000000e+00
0.000000000000000000e+00
0.000000000000000000e+00
0.000000000000000000e+00
0.000000000000000000e+00
0.000000000000000000e+00
0.000000000000000000e+00
0.000000000000000000e+00
0.000000000000000000e+00
0.000000000000000000e+00
0.000000000000000000e+00
1.155629999999999991e-01
0.000000000000000000e+00
0.000000000000000000e+00
0.000000000000000000e+00
9.933900000000000716e-03
0.000000000000000000e+00
0.000000000000000000e+00
0.000000000000000000e+00
0.000000000000000000e+00
0.000000000000000000e+00
0.000000000000000000e+00
0.000000000000000000e+00
-1.375020000000000131e-01
0.000000000000000000e+00
3.050470000000000126e-01
0.000000000000000000e+00
-2.374400000000000122e-02
0.000000000000000000e+00
-3.334070000000000176e-03
0.000000000000000000e+00
0.000000000000000000e+00
-2.187169999999999948e-01
0.000000000000000000e+00
-1.216749999999999998e+00
0.000000000000000000e+00
0.000000000000000000e+00
-1.952319999999999889e-01
0.000000000000000000e+00
0.000000000000000000e+00
0.000000000000000000e+00
0.000000000000000000e+00
0.000000000000000000e+00
0.000000000000000000e+00
6.751200000000000534e-01
0.000000000000000000e+00
0.000000000000000000e+00
0.000000000000000000e+00
0.000000000000000000e+00
0.000000000000000000e+00
0.000000000000000000e+00
0.000000000000000000e+00
0.000000000000000000e+00
0.000000000000000000e+00
0.000000000000000000e+00
0.000000000000000000e+00
-2.355760000000000076e-01
-1.448429999999999995e-01
0.000000000000000000e+00
0.000000000000000000e+00
0.000000000000000000e+00
0.000000000000000000e+00
0.000000000000000000e+00
0.000000000000000000e+00
0.000000000000000000e+00
0.000000000000000000e+00
0.000000000000000000e+00
0.000000000000000000e+00
0.000000000000000000e+00
0.000000000000000000e+00
0.000000000000000000e+00
0.000000000000000000e+00
0.000000000000000000e+00
0.000000000000000000e+00
0.000000000000000000e+00
0.000000000000000000e+00
0.000000000000000000e+00
0.000000000000000000e+00
0.000000000000000000e+00
0.000000000000000000e+00
0.000000000000000000e+00
0.000000000000000000e+00
0.000000000000000000e+00
0.000000000000000000e+00
0.000000000000000000e+00
0.000000000000000000e+00
0.000000000000000000e+00
0.000000000000000000e+00
0.000000000000000000e+00
0.000000000000000000e+00
0.000000000000000000e+00
0.000000000000000000e+00
0.000000000000000000e+00
0.000000000000000000e+00
0.000000000000000000e+00
0.000000000000000000e+00
0.000000000000000000e+00
0.000000000000000000e+00
0.000000000000000000e+00
0.000000000000000000e+00
0.000000000000000000e+00
0.000000000000000000e+00
0.000000000000000000e+00
0.000000000000000000e+00
0.000000000000000000e+00
0.000000000000000000e+00
1.304079999999999961e-01
0.000000000000000000e+00
0.000000000000000000e+00
2.356610000000000094e-01
0.000000000000000000e+00
0.000000000000000000e+00
0.000000000000000000e+00
0.000000000000000000e+00
0.000000000000000000e+00
0.000000000000000000e+00
0.000000000000000000e+00
0.000000000000000000e+00
0.000000000000000000e+00
0.000000000000000000e+00
0.000000000000000000e+00
0.000000000000000000e+00
-5.103459999999999663e-01
0.000000000000000000e+00
0.000000000000000000e+00
0.000000000000000000e+00
0.000000000000000000e+00
0.000000000000000000e+00
0.000000000000000000e+00
-2.423230000000000106e-01
4.307699999999999863e-01
0.000000000000000000e+00
0.000000000000000000e+00
0.000000000000000000e+00
1.018580000000000041e-01
0.000000000000000000e+00
0.000000000000000000e+00
0.000000000000000000e+00
5.293660000000000032e-01
0.000000000000000000e+00
-3.001070000000000126e-01
0.000000000000000000e+00
0.000000000000000000e+00
0.000000000000000000e+00
0.000000000000000000e+00
0.000000000000000000e+00
7.120579999999999687e-01
0.000000000000000000e+00
0.000000000000000000e+00
0.000000000000000000e+00
0.000000000000000000e+00
0.000000000000000000e+00
0.000000000000000000e+00
0.000000000000000000e+00
0.000000000000000000e+00
-5.624959999999999960e-01
0.000000000000000000e+00
0.000000000000000000e+00
-4.632650000000000309e-03
0.000000000000000000e+00
0.000000000000000000e+00
-7.157090000000000396e-01
