0.000000000000000000e+00
-2.201950000000000018e-01
0.000000000000000000e+00
3.033710000000000018e-01
0.000000000000000000e+00
0.000000000000000000e+00
0.000000000000000000e+00
1.062459999999999960e+00
0.000000000000000000e+00
0.000000000000000000e+00
0.000000000000000000e+00
0.000000000000000000e+00
0.000000000000000000e+00
0.000000000000000000e+00
0.000000000000000000e+00
-1.844409999999999938e-01
0.000000000000000000e+00
0.000000000000000000e+00
3.017460000000000142e-01
0.000000000000000000e+00
0.000000000000000000e+00
9.368630000000000013e-02
0.000000000000000000e+00
4.330959999999999810e-01
0.000000000000000000e+00
0.000000000000000000e+00
0.000000000000000000e+00
0.000000000000000000e+00
0.000000000000000000e+00
0.000000000000000000e+00
4.690819999999999990e-01
0.000000000000000000e+00
0.000000000000000000e+00
0.000000000000000000e+00
1.054059999999999997e+00
7.639550000000000507e-02
0.000000000000000000e+00
8.513020000000000032e-01
2.000740000000000157e-02
0.000000000000000000e+00
0.000000000000000000e+00
0.000000000000000000e+00
0.000000000000000000e+00
0.000000000000000000e+00
0.000000000000000000e+00
-5.458159999999999679e-01
0.000000000000000000e+00
0.000000000000000000e+00
0.000000000000000000e+00
0.000000000000000000e+00
0.000000000000000000e+00
0.000000000000000000e+00
0.000000000000000000e+00
0.000000000000000000e+00
4.712219999999999742e-01
3.564919999999999756e-01
0.000000000000000000e+00
0.000000000000000000e+00
0.000000000000000000e+00
0.000000000000000000e+00
0.000000000000000000e+00
0.000000000000000000e+00
0.000000000000000000e+00
5.731039999999999468e-01
0.000000000000000000e+00
6.856269999999999865e-01
0.000000000000000000e+00
-8.409270000000000633e-02
0.000000000000000000e+00
0.000000000000000000e+00
-2.551300000000000234e-01
3.268440000000000234e-02
0.000000000000000000e+00
0.000000000000000000e+00
0.000000000000000000e+00
6.262320000000000109e-01
6.406309999999999505e-01
0.000000000000000000e+00
0.000000000000000000e+00
0.000000000000000000e+00
0.000000000000000000e+00
0.000000000000000000e+00
0.000000000000000000e+00
0.000000000000000000e+00
7.295369999999999910e-01
0.000000000000000000e+00
0.000000000000000000e+00
0.000000000000000000e+00
-2.999870000000000037e-01
0.000000000000000000e+00
0.000000000000000000e+00
0.000000000000000000e+00
0.000000000000000000e+00
7.682440000000000380e-01
4.023349999999999982e-01
0.000000000000000000e+00
0.000000000000000000e+00
-2.234379999999999977e-01
0.000000000000000000e+00
0.000000000000000000e+00
2.748430000000000040e-01
6.227089999999999709e-02
3.055829999999999935e-01
1.880060000000000064e-01
0.000000000000000000e+00
8.927240000000000175e-02
0.000000000000000000e+00
0.000000000000000000e+00
4.025049999999999635e-03
3.538410000000000166e-02
2.121270000000000100e-02
0.000000000000000000e+00
0.000000000000000000e+00
1.275789999999999980e+00
0.000000000000000000e+00
0.000000000000000000e+00
0.000000000000000000e+00
-3.791200000000000125e-02
2.880999999999999880e-02
1.073360000000000009e-01
0.000000000000000000e+00
0.000000000000000000e+00
0.000000000000000000e+00
6.986250000000000515e-01
0.000000000000000000e+00
0.000000000000000000e+00
1.827280000000000015e+00
0.000000000000000000e+00
0.000000000000000000e+00
4.245590000000000197e-01
5.685449999999999671e-01
0.000000000000000000e+00
0.000000000000000000e+00
0.000000000000000000e+00
1.307240000000000069e-01
0.000000000000000000e+00
1.904440000000000022e-01
0.000000000000000000e+00
8.221800000000000219e-01
7.444619999999999571e-01
-8.302310000000000245e-02
0.000000000000000000e+00
3.991460000000000008e-01
0.000000000000000000e+00
0.000000000000000000e+00
0.000000000000000000e+00
6.606620000000000548e-02
0.000000000000000000e+00
1.287279999999999980e+00
0.000000000000000000e+00
5.233860000000000179e-01
-9.857190000000000396e-02
0.000000000000000000e+00
0.000000000000000000e+00
0.000000000000000000e+00
3.851299999999999862e-02
0.000000000000000000e+00
0.000000000000000000e+00
0.000000000000000000e+00
0.000000000000000000e+00
0.000000000000000000e+00
0.000000000000000000e+00
0.000000000000000000e+00
-2.551300000000000234e-01
-2.370879999999999863e-02
-7.384359999999999535e-02
1.102650000000000019e-01
0.000000000000000000e+00
0.000000000000000000e+00
0.000000000000000000e+00
0.000000000000000000e+00
1.780000000000000027e+00
0.000000000000000000e+00
0.000000000000000000e+00
0.000000000000000000e+00
5.596570000000000017e-02
0.000000000000000000e+00
0.000000000000000000e+00
0.000000000000000000e+00
1.017479999999999940e+00
0.000000000000000000e+00
0.000000000000000000e+00
0.000000000000000000e+00
0.000000000000000000e+00
-5.008350000000000388e-04
0.000000000000000000e+00
-1.117930000000000035e-01
1.569879999999999887e-01
2.175400000000000111e-01
0.000000000000000000e+00
0.000000000000000000e+00
0.000000000000000000e+00
7.776330000000000187e-01
0.000000000000000000e+00
0.000000000000000000e+00
1.470300000000000079e-02
2.718490000000000073e-01
0.000000000000000000e+00
4.052769999999999984e-01
0.000000000000000000e+00
0.000000000000000000e+00
0.000000000000000000e+00
0.000000000000000000e+00
0.000000000000000000e+00
0.000000000000000000e+00
0.000000000000000000e+00
0.000000000000000000e+00
0.000000000000000000e+00
0.000000000000000000e+00
0.000000000000000000e+00
0.000000000000000000e+00
-2.828559999999999963e-01
0.000000000000000000e+00
0.000000000000000000e+00
0.000000000000000000e+00
0.000000000000000000e+00
0.000000000000000000e+00
0.000000000000000000e+00
1.185400000000000065e-01
0.000000000000000000e+00
0.000000000000000000e+00
0.000000000000000000e+00
0.000000000000000000e+00
-3.658790000000000098e-01
0.000000000000000000e+00
0.000000000000000000e+00
0.000000000000000000e+00
-4.669809999999999794e-01
3.050490000000000146e-01
0.000000000000000000e+00
0.000000000000000000e+00
0.000000000000000000e+00
0.000000000000000000e+00
0.000000000000000000e+00
0.000000000000000000e+00
0.000000000000000000e+00
-1.523970000000000047e-01
0.000000000000000000e+00
0.000000000000000000e+00
0.000000000000000000e+00
-1.724569999999999922e-02
0.000000000000000000e+00
0.000000000000000000e+00
5.896289999999999587e-01
0.000000000000000000e+00
0.000000000000000000e+00
0.000000000000000000e+00
0.000000000000000000e+00
0.000000000000000000e+00
0.000000000000000000e+00
0.000000000000000000e+00
8.609360000000000346e-01
0.000000000000000000e+00
0.000000000000000000e+00
0.000000000000000000e+00
-8.166410000000000335e-02
0.000000000000000000e+00
0.000000000000000000e+00
0.000000000000000000e+00
0.000000000000000000e+00
-8.058950000000000280e-01
-2.422030000000000016e-01
3.868610000000000104e-01
0.000000000000000000e+00
0.000000000000000000e+00
0.000000000000000000e+00
0.000000000000000000e+00
0.000000000000000000e+00
0.000000000000000000e+00
0.000000000000000000e+00
0.000000000000000000e+00
-1.912320000000000131e-01
0.000000000000000000e+00
0.000000000000000000e+00
0.000000000000000000e+00
0.000000000000000000e+00
-4.019150000000000222e-01
0.000000000000000000e+00
-1.240570000000000006e-01
0.000000000000000000e+00
-6.413770000000000582e-02
-6.710859999999999603e-01
0.000000000000000000e+00
0.000000000000000000e+00
0.000000000000000000e+00
0.000000000000000000e+00
0.000000000000000000e+00
0.000000000000000000e+00
-1.030009999999999953e-01
-6.965609999999999857e-02
0.000000000000000000e+00
0.000000000000000000e+00
-9.989349999999999619e-02
0.000000000000000000e+00
-6.139050000000000340e-01
-6.267200000000000548e-02
0.000000000000000000e+00
0.000000000000000000e+00
0.000000000000000000e+00
0.000000000000000000e+00
0.000000000000000000e+00
0.000000000000000000e+00
0.000000000000000000e+00
0.000000000000000000e+00
0.000000000000000000e+00
-3.963490000000000069e-01
-5.328190000000000009e-02
0.000000000000000000e+00
0.000000000000000000e+00
0.000000000000000000e+00
0.000000000000000000e+00
0.000000000000000000e+00
0.000000000000000000e+00
-2.038459999999999994e-01
0.000000000000000000e+00
-3.335409999999999764e-01
0.000000000000000000e+00
0.000000000000000000e+00
0.000000000000000000e+00
0.000000000000000000e+00
-2.003119999999999901e-02
0.000000000000000000e+00
-5.898949999999999472e-01
0.000000000000000000e+00
0.000000000000000000e+00
-5.397269999999999568e-01
-1.091660000000000026e-02
0.000000000000000000e+00
-2.249670000000000003e-01
0.000000000000000000e+00
0.000000000000000000e+00
-2.945579999999999865e-01
0.000000000000000000e+00
-1.884540000000000104e-01
0.000000000000000000e+00
-2.129159999999999942e-01
0.000000000000000000e+00
0.000000000000000000e+00
-3.073679999999999746e-01
-5.789849999999999719e-01
0.000000000000000000e+00
0.000000000000000000e+00
0.000000000000000000e+00
0.000000000000000000e+00
0.000000000000000000e+00
-5.199019999999999753e-01
0.000000000000000000e+00
0.000000000000000000e+00
4.287340000000000040e-01
0.000000000000000000e+00
0.000000000000000000e+00
0.000000000000000000e+00
0.000000000000000000e+00
0.000000000000000000e+00
-5.895879999999999871e-02
-1.769580000000000042e-01
0.000000000000000000e+00
0.000000000000000000e+00
0.000000000000000000e+00
0.000000000000000000e+00
0.000000000000000000e+00
-1.640310000000000101e-01
0.000000000000000000e+00
0.000000000000000000e+00
-1.300890000000000102e+00
0.000000000000000000e+00
0.000000000000000000e+00
0.000000000000000000e+00
0.000000000000000000e+00
0.000000000000000000e+00
0.000000000000000000e+00
0.000000000000000000e+00
-6.964480000000000670e-02
0.000000000000000000e+00
0.000000000000000000e+00
0.000000000000000000e+00
0.000000000000000000e+00
0.000000000000000000e+00
0.000000000000000000e+00
0.000000000000000000e+00
0.000000000000000000e+00
0.000000000000000000e+00
0.000000000000000000e+00
0.000000000000000000e+00
0.000000000000000000e+00
0.000000000000000000e+00
0.000000000000000000e+00
-7.716680000000000206e-01
0.000000000000000000e+00
0.000000000000000000e+00
0.000000000000000000e+00
0.000000000000000000e+00
0.000000000000000000e+00
0.000000000000000000e+00
0.000000000000000000e+00
0.000000000000000000e+00
0.000000000000000000e+00
0.000000000000000000e+00
0.000000000000000000e+00
0.000000000000000000e+00
0.000000000000000000e+00
0.000000000000000000e+00
0.000000000000000000e+00
0.000000000000000000e+00
-3.315250000000000141e-01
0.000000000000000000e+00
0.000000000000000000e+00
0.000000000000000000e+00
0.000000000000000000e+00
-1.784769999999999968e-01
0.000000000000000000e+00
0.000000000000000000e+00
-5.353379999999999805e-01
0.000000000000000000e+00
0.000000000000000000e+00
-1.404439999999999911e+00
0.000000000000000000e+00
0.000000000000000000e+00
0.000000000000000000e+00
0.000000000000000000e+00
0.000000000000000000e+00
2.045919999999999961e-01
-7.883569999999999467e-02
-9.638080000000000258e-02
0.000000000000000000e+00
0.000000000000000000e+00
0.000000000000000000e+00
0.000000000000000000e+00
0.000000000000000000e+00
0.000000000000000000e+00
0.000000000000000000e+00
0.000000000000000000e+00
0.000000000000000000e+00
0.000000000000000000e+00
0.000000000000000000e+00
0.000000000000000000e+00
-1.971420000000000117e-01
0.000000000000000000e+00
6.056659999999999822e-02
0.000000000000000000e+00
0.000000000000000000e+00
0.000000000000000000e+00
4.846130000000000160e-01
0.000000000000000000e+00
0.000000000000000000e+00
0.000000000000000000e+00
0.000000000000000000e+00
0.000000000000000000e+00
0.000000000000000000e+00
0.000000000000000000e+00
0.000000000000000000e+00
0.000000000000000000e+00
0.000000000000000000e+00
0.000000000000000000e+00
0.000000000000000000e+00
0.000000000000000000e+00
0.000000000000000000e+00
0.000000000000000000e+00
0.000000000000000000e+00
0.000000000000000000e+00
0.000000000000000000e+00
0.000000000000000000e+00
3.113679999999999781e-01
0.000000000000000000e+00
1.851849999999999885e-01
0.000000000000000000e+00
