0.000000000000000000e+00
-1.409979999999999914e-02
1.376280000000000003e-01
4.468820000000000014e-01
0.000000000000000000e+00
0.000000000000000000e+00
0.000000000000000000e+00
1.751319999999999988e+00
0.000000000000000000e+00
0.000000000000000000e+00
0.000000000000000000e+00
0.000000000000000000e+00
6.888130000000000086e-01
-1.663399999999999879e-01
0.000000000000000000e+00
-4.443909999999999805e-01
0.000000000000000000e+00
5.444649999999999768e-01
3.911850000000000049e-02
0.000000000000000000e+00
0.000000000000000000e+00
0.000000000000000000e+00
0.000000000000000000e+00
8.913149999999999684e-01
0.000000000000000000e+00
0.000000000000000000e+00
3.673480000000000079e-01
0.000000000000000000e+00
0.000000000000000000e+00
0.000000000000000000e+00
0.000000000000000000e+00
0.000000000000000000e+00
1.406670000000000087e+00
0.000000000000000000e+00
9.805169999999999719e-01
-4.839000000000000246e-02
0.000000000000000000e+00
0.000000000000000000e+00
5.855169999999999542e-01
0.000000000000000000e+00
4.669409999999999950e-01
5.011499999999999844e-01
0.000000000000000000e+00
1.441749999999999976e-01
0.000000000000000000e+00
-2.068830000000000113e-01
8.599860000000000282e-01
0.000000000000000000e+00
0.000000000000000000e+00
0.000000000000000000e+00
0.000000000000000000e+00
0.000000000000000000e+00
0.000000000000000000e+00
0.000000000000000000e+00
5.269669999999999632e-01
9.941349999999999909e-01
0.000000000000000000e+00
0.000000000000000000e+00
0.000000000000000000e+00
0.000000000000000000e+00
3.463999999999999857e-01
0.000000000000000000e+00
-7.404539999999999456e-01
0.000000000000000000e+00
0.000000000000000000e+00
8.593340000000000423e-01
0.000000000000000000e+00
-7.081809999999999494e-01
0.000000000000000000e+00
0.000000000000000000e+00
-1.914079999999999948e-01
0.000000000000000000e+00
0.000000000000000000e+00
-2.745110000000000050e-01
0.000000000000000000e+00
8.766929999999999445e-01
5.040689999999999754e-02
1.237800000000000011e-01
0.000000000000000000e+00
8.113409999999999789e-01
0.000000000000000000e+00
0.000000000000000000e+00
0.000000000000000000e+00
0.000000000000000000e+00
2.073420000000000041e+00
0.000000000000000000e+00
0.000000000000000000e+00
0.000000000000000000e+00
-8.345070000000000265e-02
6.855170000000000430e-01
3.754449999999999732e-01
0.000000000000000000e+00
2.265710000000000206e-03
1.053530000000000022e-01
7.726330000000000142e-01
0.000000000000000000e+00
0.000000000000000000e+00
0.000000000000000000e+00
-6.801829999999999821e-01
0.000000000000000000e+00
0.000000000000000000e+00
1.749190000000000076e-03
1.888039999999999996e-01
1.355010000000000103e-01
0.000000000000000000e+00
4.773749999999999938e-01
0.000000000000000000e+00
0.000000000000000000e+00
1.169619999999999965e-01
0.000000000000000000e+00
5.493320000000000425e-01
5.043389999999999818e-01
0.000000000000000000e+00
1.060319999999999929e+00
0.000000000000000000e+00
3.193379999999999830e-02
-7.604539999999999633e-01
0.000000000000000000e+00
1.021419999999999995e+00
0.000000000000000000e+00
0.000000000000000000e+00
0.000000000000000000e+00
2.128639999999999977e-01
1.635590000000000099e+00
0.000000000000000000e+00
2.260090000000000016e-02
7.045599999999999641e-01
0.000000000000000000e+00
9.508010000000000073e-02
0.000000000000000000e+00
2.873950000000000116e-01
3.223820000000000158e-02
0.000000000000000000e+00
0.000000000000000000e+00
4.891559999999999797e-01
0.000000000000000000e+00
1.320419999999999927e+00
0.000000000000000000e+00
-6.088130000000000486e-01
1.249489999999999990e+00
0.000000000000000000e+00
-9.072190000000000809e-03
3.682139999999999719e-02
0.000000000000000000e+00
0.000000000000000000e+00
8.219890000000000529e-02
7.677859999999999685e-01
2.427499999999999936e-01
0.000000000000000000e+00
8.476110000000000588e-02
2.113160000000000038e-01
5.391819999999999946e-02
0.000000000000000000e+00
0.000000000000000000e+00
0.000000000000000000e+00
0.000000000000000000e+00
0.000000000000000000e+00
0.000000000000000000e+00
0.000000000000000000e+00
0.000000000000000000e+00
8.131490000000000107e-01
0.000000000000000000e+00
6.379050000000000553e-01
0.000000000000000000e+00
8.621669999999999334e-02
0.000000000000000000e+00
0.000000000000000000e+00
0.000000000000000000e+00
0.000000000000000000e+00
0.000000000000000000e+00
0.000000000000000000e+00
1.397550000000000070e+00
4.200029999999999736e-02
0.000000000000000000e+00
0.000000000000000000e+00
8.669719999999999649e-01
8.221489999999999354e-02
0.000000000000000000e+00
0.000000000000000000e+00
6.056620000000000337e-01
0.000000000000000000e+00
0.000000000000000000e+00
0.000000000000000000e+00
0.000000000000000000e+00
0.000000000000000000e+00
-8.345070000000000265e-02
0.000000000000000000e+00
0.000000000000000000e+00
0.000000000000000000e+00
0.000000000000000000e+00
0.000000000000000000e+00
0.000000000000000000e+00
4.536709999999999909e-01
0.000000000000000000e+00
7.040769999999999529e-01
-1.155309999999999948e-01
0.000000000000000000e+00
0.000000000000000000e+00
0.000000000000000000e+00
0.000000000000000000e+00
0.000000000000000000e+00
0.000000000000000000e+00
0.000000000000000000e+00
0.000000000000000000e+00
0.000000000000000000e+00
0.000000000000000000e+00
0.000000000000000000e+00
0.000000000000000000e+00
7.973280000000000367e-01
0.000000000000000000e+00
0.000000000000000000e+00
0.000000000000000000e+00
0.000000000000000000e+00
1.217519999999999936e+00
2.740420000000000078e-01
0.000000000000000000e+00
0.000000000000000000e+00
0.000000000000000000e+00
0.000000000000000000e+00
0.000000000000000000e+00
0.000000000000000000e+00
0.000000000000000000e+00
-2.410619999999999985e-01
0.000000000000000000e+00
0.000000000000000000e+00
0.000000000000000000e+00
0.000000000000000000e+00
0.000000000000000000e+00
1.045029999999999903e+00
0.000000000000000000e+00
0.000000000000000000e+00
0.000000000000000000e+00
0.000000000000000000e+00
1.433410000000000066e-02
0.000000000000000000e+00
0.000000000000000000e+00
0.000000000000000000e+00
0.000000000000000000e+00
0.000000000000000000e+00
0.000000000000000000e+00
0.000000000000000000e+00
0.000000000000000000e+00
0.000000000000000000e+00
1.057220000000000049e+00
0.000000000000000000e+00
0.000000000000000000e+00
0.000000000000000000e+00
0.000000000000000000e+00
0.000000000000000000e+00
0.000000000000000000e+00
-1.735980000000000162e-02
3.511859999999999982e-01
0.000000000000000000e+00
0.000000000000000000e+00
0.000000000000000000e+00
0.000000000000000000e+00
-7.623419999999999641e-01
0.000000000000000000e+00
-9.413259999999999961e-01
0.000000000000000000e+00
-6.475039999999999685e-01
0.000000000000000000e+00
0.000000000000000000e+00
0.000000000000000000e+00
0.000000000000000000e+00
0.000000000000000000e+00
0.000000000000000000e+00
0.000000000000000000e+00
-2.728760000000000074e-01
0.000000000000000000e+00
0.000000000000000000e+00
0.000000000000000000e+00
-2.571910000000000168e-02
0.000000000000000000e+00
5.118439999999999657e-01
0.000000000000000000e+00
-7.105629999999999447e-01
4.708600000000000008e-01
0.000000000000000000e+00
0.000000000000000000e+00
3.693239999999999718e-02
-8.538949999999999596e-01
-1.760619999999999963e-01
0.000000000000000000e+00
5.614100000000000340e-02
0.000000000000000000e+00
0.000000000000000000e+00
0.000000000000000000e+00
0.000000000000000000e+00
0.000000000000000000e+00
0.000000000000000000e+00
0.000000000000000000e+00
0.000000000000000000e+00
0.000000000000000000e+00
-5.221590000000000398e-01
-2.531709999999999794e-01
0.000000000000000000e+00
0.000000000000000000e+00
0.000000000000000000e+00
0.000000000000000000e+00
0.000000000000000000e+00
0.000000000000000000e+00
0.000000000000000000e+00
0.000000000000000000e+00
-4.170270000000000227e-02
0.000000000000000000e+00
0.000000000000000000e+00
0.000000000000000000e+00
7.859099999999999975e-01
0.000000000000000000e+00
0.000000000000000000e+00
1.697049999999999947e-01
0.000000000000000000e+00
0.000000000000000000e+00
-2.719019999999999770e-01
-2.402220000000000050e-02
0.000000000000000000e+00
0.000000000000000000e+00
0.000000000000000000e+00
0.000000000000000000e+00
-2.203380000000000061e-01
0.000000000000000000e+00
-1.613630000000000064e-01
0.000000000000000000e+00
0.000000000000000000e+00
-1.086010000000000031e-01
0.000000000000000000e+00
0.000000000000000000e+00
0.000000000000000000e+00
2.319920000000000038e-01
0.000000000000000000e+00
-9.525169999999999471e-01
0.000000000000000000e+00
0.000000000000000000e+00
0.000000000000000000e+00
0.000000000000000000e+00
0.000000000000000000e+00
0.000000000000000000e+00
0.000000000000000000e+00
0.000000000000000000e+00
0.000000000000000000e+00
-9.739209999999999881e-03
0.000000000000000000e+00
-8.413129999999999775e-01
0.000000000000000000e+00
0.000000000000000000e+00
0.000000000000000000e+00
0.000000000000000000e+00
-3.991800000000000209e-02
0.000000000000000000e+00
-1.192069999999999935e-01
0.000000000000000000e+00
0.000000000000000000e+00
0.000000000000000000e+00
0.000000000000000000e+00
0.000000000000000000e+00
0.000000000000000000e+00
-2.471080000000000151e-02
0.000000000000000000e+00
0.000000000000000000e+00
0.000000000000000000e+00
9.568099999999999522e-03
0.000000000000000000e+00
9.204829999999999957e-02
0.000000000000000000e+00
0.000000000000000000e+00
0.000000000000000000e+00
0.000000000000000000e+00
0.000000000000000000e+00
0.000000000000000000e+00
0.000000000000000000e+00
3.115530000000000244e-01
0.000000000000000000e+00
0.000000000000000000e+00
0.000000000000000000e+00
0.000000000000000000e+00
0.000000000000000000e+00
0.000000000000000000e+00
0.000000000000000000e+00
0.000000000000000000e+00
0.000000000000000000e+00
0.000000000000000000e+00
0.000000000000000000e+00
0.000000000000000000e+00
0.000000000000000000e+00
0.000000000000000000e+00
0.000000000000000000e+00
-1.124889999999999946e+00
0.000000000000000000e+00
0.000000000000000000e+00
0.000000000000000000e+00
-6.288350000000000328e-01
0.000000000000000000e+00
0.000000000000000000e+00
0.000000000000000000e+00
0.000000000000000000e+00
0.000000000000000000e+00
0.000000000000000000e+00
0.000000000000000000e+00
0.000000000000000000e+00
0.000000000000000000e+00
0.000000000000000000e+00
0.000000000000000000e+00
0.000000000000000000e+00
-2.240260000000000029e-01
0.000000000000000000e+00
0.000000000000000000e+00
0.000000000000000000e+00
7.546970000000000067e-02
-2.410470000000000113e-01
4.426959999999999923e-02
0.000000000000000000e+00
0.000000000000000000e+00
1.543430000000000080e-01
-2.700919999999999987e-01
0.000000000000000000e+00
0.000000000000000000e+00
0.000000000000000000e+00
0.000000000000000000e+00
-5.288380000000000303e-01
0.000000000000000000e+00
0.000000000000000000e+00
0.000000000000000000e+00
0.000000000000000000e+00
-2.818220000000000169e-01
0.000000000000000000e+00
-1.993689999999999907e-01
0.000000000000000000e+00
0.000000000000000000e+00
-4.921829999999999955e-02
-3.608160000000000256e-01
0.000000000000000000e+00
0.000000000000000000e+00
0.000000000000000000e+00
0.000000000000000000e+00
-2.552579999999999849e-01
0.000000000000000000e+00
0.000000000000000000e+00
1.053209999999999980e+00
0.000000000000000000e+00
0.000000000000000000e+00
0.000000000000000000e+00
6.305279999999999774e-01
0.000000000000000000e+00
1.591599999999999959e-01
0.000000000000000000e+00
1.454410000000000078e-02
0.000000000000000000e+00
-3.118679999999999786e-01
0.000000000000000000e+00
-4.516819999999999724e-01
0.000000000000000000e+00
-9.549649999999999528e-01
0.000000000000000000e+00
-8.556070000000000342e-02
0.000000000000000000e+00
-5.495269999999999877e-01
0.000000000000000000e+00
-7.955769999999999786e-01
-1.381259999999999932e+00
0.000000000000000000e+00
-1.562439999999999940e-01
0.000000000000000000e+00
0.000000000000000000e+00
1.639629999999999976e-01
-5.507399999999999796e-02
