0.000000000000000000e+00
-2.919329999999999981e-01
0.000000000000000000e+00
0.000000000000000000e+00
0.000000000000000000e+00
0.000000000000000000e+00
3.263730000000000242e-01
0.000000000000000000e+00
0.000000000000000000e+00
0.000000000000000000e+00
0.000000000000000000e+00
0.000000000000000000e+00
6.909280000000000282e-03
0.000000000000000000e+00
0.000000000000000000e+00
0.000000000000000000e+00
0.000000000000000000e+00
0.000000000000000000e+00
0.000000000000000000e+00
0.000000000000000000e+00
0.000000000000000000e+00
0.000000000000000000e+00
0.000000000000000000e+00
0.000000000000000000e+00
0.000000000000000000e+00
0.000000000000000000e+00
0.000000000000000000e+00
3.391429999999999723e-01
0.000000000000000000e+00
0.000000000000000000e+00
0.000000000000000000e+00
0.000000000000000000e+00
0.000000000000000000e+00
-1.617409999999999959e-01
3.840649999999999897e-01
9.415980000000000183e-02
0.000000000000000000e+00
5.748769999999999714e-01
1.145520000000000045e-02
1.518970000000000042e-01
0.000000000000000000e+00
-1.403939999999999910e-01
0.000000000000000000e+00
0.000000000000000000e+00
0.000000000000000000e+00
0.000000000000000000e+00
0.000000000000000000e+00
1.595520000000000049e+00
0.000000000000000000e+00
0.000000000000000000e+00
0.000000000000000000e+00
0.000000000000000000e+00
2.253249999999999975e-01
0.000000000000000000e+00
0.000000000000000000e+00
0.000000000000000000e+00
2.414810000000000012e-01
0.000000000000000000e+00
0.000000000000000000e+00
3.471219999999999861e-01
0.000000000000000000e+00
0.000000000000000000e+00
0.000000000000000000e+00
0.000000000000000000e+00
0.000000000000000000e+00
-4.365399999999999836e-01
-6.238909999999999734e-01
0.000000000000000000e+00
0.000000000000000000e+00
0.000000000000000000e+00
3.118469999999999853e-01
0.000000000000000000e+00
0.000000000000000000e+00
0.000000000000000000e+00
-1.039760000000000018e+00
0.000000000000000000e+00
1.194739999999999913e+00
0.000000000000000000e+00
0.000000000000000000e+00
0.000000000000000000e+00
1.189060000000000006e+00
0.000000000000000000e+00
0.000000000000000000e+00
0.000000000000000000e+00
0.000000000000000000e+00
0.000000000000000000e+00
0.000000000000000000e+00
3.548239999999999728e-01
-5.458159999999999679e-01
0.000000000000000000e+00
0.000000000000000000e+00
0.000000000000000000e+00
0.000000000000000000e+00
0.000000000000000000e+00
0.000000000000000000e+00
0.000000000000000000e+00
0.000000000000000000e+00
0.000000000000000000e+00
-4.361630000000000229e-01
0.000000000000000000e+00
0.000000000000000000e+00
0.000000000000000000e+00
7.623780000000000001e-01
0.000000000000000000e+00
0.000000000000000000e+00
0.000000000000000000e+00
4.865149999999999753e-01
0.000000000000000000e+00
0.000000000000000000e+00
0.000000000000000000e+00
0.000000000000000000e+00
0.000000000000000000e+00
0.000000000000000000e+00
1.978740000000000013e-02
-2.296870000000000023e-01
-5.431810000000000110e-02
0.000000000000000000e+00
-4.577309999999999712e-02
-1.804179999999999950e-01
0.000000000000000000e+00
0.000000000000000000e+00
0.000000000000000000e+00
0.000000000000000000e+00
0.000000000000000000e+00
0.000000000000000000e+00
2.074000000000000010e-01
0.000000000000000000e+00
0.000000000000000000e+00
0.000000000000000000e+00
0.000000000000000000e+00
0.000000000000000000e+00
0.000000000000000000e+00
2.656910000000000105e-01
0.000000000000000000e+00
0.000000000000000000e+00
-1.480380000000000029e-01
0.000000000000000000e+00
0.000000000000000000e+00
1.130470000000000086e+00
0.000000000000000000e+00
-1.061119999999999980e-01
0.000000000000000000e+00
1.897050000000000125e-01
0.000000000000000000e+00
0.000000000000000000e+00
0.000000000000000000e+00
-4.575060000000000238e-01
0.000000000000000000e+00
0.000000000000000000e+00
0.000000000000000000e+00
3.129669999999999952e-01
9.426450000000000107e-02
2.413720000000000032e-01
0.000000000000000000e+00
0.000000000000000000e+00
0.000000000000000000e+00
-2.514140000000000263e-01
0.000000000000000000e+00
0.000000000000000000e+00
0.000000000000000000e+00
1.395919999999999939e-01
0.000000000000000000e+00
0.000000000000000000e+00
0.000000000000000000e+00
0.000000000000000000e+00
-2.557450000000000001e-01
1.689180000000000126e-01
0.000000000000000000e+00
5.587530000000000274e-02
0.000000000000000000e+00
0.000000000000000000e+00
0.000000000000000000e+00
0.000000000000000000e+00
0.000000000000000000e+00
1.057060000000000111e+00
8.972869999999999457e-01
0.000000000000000000e+00
0.000000000000000000e+00
0.000000000000000000e+00
0.000000000000000000e+00
0.000000000000000000e+00
0.000000000000000000e+00
-1.427889999999999993e-01
0.000000000000000000e+00
2.924089999999999745e-01
-2.375200000000000089e-01
-1.220620000000000038e-01
0.000000000000000000e+00
-5.799300000000000288e-03
0.000000000000000000e+00
0.000000000000000000e+00
0.000000000000000000e+00
0.000000000000000000e+00
0.000000000000000000e+00
0.000000000000000000e+00
2.005699999999999983e-01
2.072490000000000096e-02
8.512790000000000634e-02
0.000000000000000000e+00
0.000000000000000000e+00
0.000000000000000000e+00
-1.025079999999999915e-02
0.000000000000000000e+00
0.000000000000000000e+00
0.000000000000000000e+00
0.000000000000000000e+00
0.000000000000000000e+00
3.876020000000000021e-01
0.000000000000000000e+00
0.000000000000000000e+00
0.000000000000000000e+00
0.000000000000000000e+00
2.815929999999999822e-01
0.000000000000000000e+00
0.000000000000000000e+00
0.000000000000000000e+00
0.000000000000000000e+00
5.152320000000000233e-01
0.000000000000000000e+00
0.000000000000000000e+00
4.371700000000000030e-01
6.157550000000000523e-01
0.000000000000000000e+00
0.000000000000000000e+00
2.876870000000000260e-01
0.000000000000000000e+00
4.715920000000000112e-01
6.253560000000000230e-01
9.741969999999999796e-01
0.000000000000000000e+00
0.000000000000000000e+00
0.000000000000000000e+00
0.000000000000000000e+00
0.000000000000000000e+00
0.000000000000000000e+00
9.591709999999999958e-01
3.349230000000000262e-01
3.856410000000000116e-01
5.244710000000000205e-01
7.400079999999999991e-01
0.000000000000000000e+00
0.000000000000000000e+00
0.000000000000000000e+00
1.727899999999999991e-01
2.692499999999999893e+00
0.000000000000000000e+00
0.000000000000000000e+00
0.000000000000000000e+00
0.000000000000000000e+00
1.701139999999999874e-01
3.098360000000000003e-02
0.000000000000000000e+00
4.902329999999999743e-01
0.000000000000000000e+00
4.823459999999999970e-01
0.000000000000000000e+00
0.000000000000000000e+00
0.000000000000000000e+00
0.000000000000000000e+00
7.655549999999999855e-01
8.758399999999999519e-01
-9.972839999999999483e-02
0.000000000000000000e+00
0.000000000000000000e+00
0.000000000000000000e+00
0.000000000000000000e+00
7.736600000000000144e-01
0.000000000000000000e+00
0.000000000000000000e+00
0.000000000000000000e+00
0.000000000000000000e+00
6.453390000000000515e-02
0.000000000000000000e+00
0.000000000000000000e+00
0.000000000000000000e+00
5.970999999999999641e-01
0.000000000000000000e+00
0.000000000000000000e+00
0.000000000000000000e+00
0.000000000000000000e+00
-1.404799999999999938e-01
-9.981800000000000395e-02
-5.723009999999999486e-01
-6.205199999999999605e-01
-1.726449999999999929e-01
-6.335129999999999928e-02
0.000000000000000000e+00
0.000000000000000000e+00
-8.321530000000000593e-02
-8.023310000000000164e-01
0.000000000000000000e+00
-4.268069999999999919e-01
-6.027460000000000040e-01
0.000000000000000000e+00
0.000000000000000000e+00
-3.938630000000000186e-01
0.000000000000000000e+00
0.000000000000000000e+00
0.000000000000000000e+00
0.000000000000000000e+00
3.567779999999999840e-01
0.000000000000000000e+00
0.000000000000000000e+00
-2.323139999999999983e+00
0.000000000000000000e+00
-1.697880000000000056e+00
-4.361630000000000229e-01
0.000000000000000000e+00
0.000000000000000000e+00
0.000000000000000000e+00
0.000000000000000000e+00
-2.026060000000000083e-01
-4.757689999999999975e-01
0.000000000000000000e+00
0.000000000000000000e+00
-4.361630000000000229e-01
8.842719999999999470e-01
0.000000000000000000e+00
0.000000000000000000e+00
-4.812000000000000166e-01
0.000000000000000000e+00
0.000000000000000000e+00
-1.029719999999999941e-01
0.000000000000000000e+00
0.000000000000000000e+00
-2.020109999999999961e-02
4.826480000000000214e-01
2.929280000000000078e-02
0.000000000000000000e+00
-5.122970000000000024e-01
4.589539999999999731e-01
0.000000000000000000e+00
0.000000000000000000e+00
-1.525590000000000002e-01
0.000000000000000000e+00
-8.633359999999999923e-01
0.000000000000000000e+00
0.000000000000000000e+00
-4.166699999999999848e-01
0.000000000000000000e+00
0.000000000000000000e+00
0.000000000000000000e+00
0.000000000000000000e+00
-6.314880000000000493e-02
0.000000000000000000e+00
0.000000000000000000e+00
0.000000000000000000e+00
-3.708270000000000177e-01
0.000000000000000000e+00
0.000000000000000000e+00
0.000000000000000000e+00
0.000000000000000000e+00
-3.801029999999999947e-03
0.000000000000000000e+00
-3.960449999999999804e-01
-3.364349999999999841e-01
0.000000000000000000e+00
0.000000000000000000e+00
-6.106070000000000247e-02
0.000000000000000000e+00
1.995440000000000061e-02
-7.622879999999999656e-01
0.000000000000000000e+00
0.000000000000000000e+00
0.000000000000000000e+00
-5.005749999999999783e-02
0.000000000000000000e+00
0.000000000000000000e+00
0.000000000000000000e+00
8.361540000000000639e-02
0.000000000000000000e+00
-1.924549999999999872e-01
-3.178500000000000075e-02
0.000000000000000000e+00
0.000000000000000000e+00
0.000000000000000000e+00
0.000000000000000000e+00
0.000000000000000000e+00
0.000000000000000000e+00
0.000000000000000000e+00
0.000000000000000000e+00
0.000000000000000000e+00
0.000000000000000000e+00
0.000000000000000000e+00
0.000000000000000000e+00
0.000000000000000000e+00
0.000000000000000000e+00
-3.364349999999999841e-01
0.000000000000000000e+00
0.000000000000000000e+00
0.000000000000000000e+00
0.000000000000000000e+00
0.000000000000000000e+00
0.000000000000000000e+00
0.000000000000000000e+00
0.000000000000000000e+00
0.000000000000000000e+00
0.000000000000000000e+00
0.000000000000000000e+00
0.000000000000000000e+00
0.000000000000000000e+00
0.000000000000000000e+00
0.000000000000000000e+00
0.000000000000000000e+00
0.000000000000000000e+00
0.000000000000000000e+00
-4.532859999999999667e-02
0.000000000000000000e+00
0.000000000000000000e+00
-5.125280000000000113e-02
-3.371939999999999937e-01
0.000000000000000000e+00
0.000000000000000000e+00
6.013929999999999554e-01
-3.924469999999999903e-01
0.000000000000000000e+00
0.000000000000000000e+00
0.000000000000000000e+00
0.000000000000000000e+00
0.000000000000000000e+00
0.000000000000000000e+00
0.000000000000000000e+00
0.000000000000000000e+00
0.000000000000000000e+00
0.000000000000000000e+00
0.000000000000000000e+00
0.000000000000000000e+00
0.000000000000000000e+00
0.000000000000000000e+00
0.000000000000000000e+00
-1.093660000000000049e-01
0.000000000000000000e+00
0.000000000000000000e+00
9.526329999999999520e-01
-2.601260000000000239e-01
0.000000000000000000e+00
0.000000000000000000e+00
0.000000000000000000e+00
0.000000000000000000e+00
-1.272260000000000058e-01
0.000000000000000000e+00
0.000000000000000000e+00
0.000000000000000000e+00
0.000000000000000000e+00
-2.976119999999999877e-01
0.000000000000000000e+00
0.000000000000000000e+00
0.000000000000000000e+00
0.000000000000000000e+00
0.000000000000000000e+00
0.000000000000000000e+00
-2.012980000000000047e-01
0.000000000000000000e+00
0.000000000000000000e+00
0.000000000000000000e+00
0.000000000000000000e+00
0.000000000000000000e+00
0.000000000000000000e+00
0.000000000000000000e+00
1.025680000000000064e-01
0.000000000000000000e+00
-4.671469999999999789e-01
8.549630000000000285e-01
0.000000000000000000e+00
0.000000000000000000e+00
1.292550000000000088e+00
