0.000000000000000000e+00
-2.509250000000000091e-01
0.000000000000000000e+00
4.488579999999999653e-02
0.000000000000000000e+00
0.000000000000000000e+00
2.641169999999999907e-01
0.000000000000000000e+00
0.000000000000000000e+00
0.000000000000000000e+00
0.000000000000000000e+00
0.000000000000000000e+00
4.320080000000000031e-01
-4.076830000000000176e-01
0.000000000000000000e+00
-2.831629999999999980e-01
0.000000000000000000e+00
0.000000000000000000e+00
0.000000000000000000e+00
0.000000000000000000e+00
0.000000000000000000e+00
0.000000000000000000e+00
0.000000000000000000e+00
3.021199999999999997e-01
0.000000000000000000e+00
0.000000000000000000e+00
0.000000000000000000e+00
-2.681629999999999847e-01
0.000000000000000000e+00
0.000000000000000000e+00
1.818980000000000041e-01
0.000000000000000000e+00
0.000000000000000000e+00
-8.880590000000000428e-01
7.129130000000000189e-01
1.090470000000000050e-01
7.756409999999999694e-02
3.435429999999999873e-01
7.954539999999999944e-01
1.300119999999999887e-01
0.000000000000000000e+00
0.000000000000000000e+00
0.000000000000000000e+00
0.000000000000000000e+00
0.000000000000000000e+00
-7.287240000000000384e-02
0.000000000000000000e+00
3.252569999999999961e+00
0.000000000000000000e+00
0.000000000000000000e+00
0.000000000000000000e+00
0.000000000000000000e+00
9.211359999999999548e-01
1.342230000000000090e-01
-1.029049999999999965e-01
0.000000000000000000e+00
0.000000000000000000e+00
0.000000000000000000e+00
1.591079999999999925e-02
9.785819999999999519e-01
0.000000000000000000e+00
1.168949999999999934e+00
0.000000000000000000e+00
0.000000000000000000e+00
0.000000000000000000e+00
-3.883429999999999938e-01
-9.256090000000000151e-01
0.000000000000000000e+00
0.000000000000000000e+00
0.000000000000000000e+00
-3.541229999999999812e-03
0.000000000000000000e+00
0.000000000000000000e+00
3.047009999999999996e-01
0.000000000000000000e+00
0.000000000000000000e+00
0.000000000000000000e+00
0.000000000000000000e+00
0.000000000000000000e+00
3.741650000000000253e-01
0.000000000000000000e+00
3.237180000000000057e-01
0.000000000000000000e+00
2.673679999999999946e-01
0.000000000000000000e+00
0.000000000000000000e+00
0.000000000000000000e+00
2.760799999999999921e-01
-4.284310000000000063e-01
0.000000000000000000e+00
0.000000000000000000e+00
0.000000000000000000e+00
2.611350000000000060e-01
4.989860000000000129e-02
0.000000000000000000e+00
0.000000000000000000e+00
0.000000000000000000e+00
4.758850000000000025e-01
0.000000000000000000e+00
1.580429999999999890e-01
-2.042390000000000039e-01
0.000000000000000000e+00
0.000000000000000000e+00
0.000000000000000000e+00
0.000000000000000000e+00
0.000000000000000000e+00
4.519449999999999856e-01
0.000000000000000000e+00
-5.721500000000000197e-02
0.000000000000000000e+00
0.000000000000000000e+00
0.000000000000000000e+00
0.000000000000000000e+00
0.000000000000000000e+00
0.000000000000000000e+00
0.000000000000000000e+00
-7.297970000000000290e-01
-8.910250000000000115e-02
0.000000000000000000e+00
-6.628380000000000383e-01
0.000000000000000000e+00
-7.823440000000000394e-01
0.000000000000000000e+00
0.000000000000000000e+00
2.161510000000000098e-01
0.000000000000000000e+00
0.000000000000000000e+00
0.000000000000000000e+00
0.000000000000000000e+00
0.000000000000000000e+00
0.000000000000000000e+00
1.580429999999999890e-01
3.510900000000000132e-01
0.000000000000000000e+00
0.000000000000000000e+00
-2.472969999999999891e-01
0.000000000000000000e+00
6.072539999999999882e-02
6.443210000000000603e-02
0.000000000000000000e+00
0.000000000000000000e+00
0.000000000000000000e+00
1.958570000000000033e-01
0.000000000000000000e+00
0.000000000000000000e+00
0.000000000000000000e+00
0.000000000000000000e+00
0.000000000000000000e+00
0.000000000000000000e+00
0.000000000000000000e+00
3.472029999999999839e-01
2.041530000000000011e-01
2.851770000000000138e-01
0.000000000000000000e+00
0.000000000000000000e+00
0.000000000000000000e+00
0.000000000000000000e+00
0.000000000000000000e+00
0.000000000000000000e+00
-9.642630000000000645e-02
1.171820000000000084e+00
-3.331640000000000157e-01
-1.160690000000000000e+00
-1.854999999999999982e-01
3.104720000000000257e-01
1.998419999999999919e-01
0.000000000000000000e+00
0.000000000000000000e+00
0.000000000000000000e+00
0.000000000000000000e+00
-2.806190000000000073e-01
0.000000000000000000e+00
0.000000000000000000e+00
0.000000000000000000e+00
0.000000000000000000e+00
4.189930000000000043e-01
0.000000000000000000e+00
0.000000000000000000e+00
5.542799999999999949e-01
-1.910300000000000054e-01
0.000000000000000000e+00
0.000000000000000000e+00
0.000000000000000000e+00
3.267189999999999817e-01
3.280429999999999735e-01
0.000000000000000000e+00
0.000000000000000000e+00
6.069530000000000064e-02
0.000000000000000000e+00
0.000000000000000000e+00
0.000000000000000000e+00
0.000000000000000000e+00
0.000000000000000000e+00
0.000000000000000000e+00
0.000000000000000000e+00
1.676749999999999907e-01
0.000000000000000000e+00
5.862019999999999731e-02
0.000000000000000000e+00
3.233679999999999888e-01
8.934520000000000239e-01
0.000000000000000000e+00
4.293069999999999942e-01
2.962679999999999758e-01
0.000000000000000000e+00
0.000000000000000000e+00
3.618939999999999935e-01
2.029749999999999888e-01
0.000000000000000000e+00
1.353290000000000048e-02
-9.638579999999999370e-02
0.000000000000000000e+00
0.000000000000000000e+00
6.710280000000000411e-02
0.000000000000000000e+00
0.000000000000000000e+00
0.000000000000000000e+00
1.194239999999999968e+00
0.000000000000000000e+00
0.000000000000000000e+00
2.168370000000000020e-01
0.000000000000000000e+00
0.000000000000000000e+00
4.262070000000000025e-01
2.563450000000000104e-02
0.000000000000000000e+00
0.000000000000000000e+00
1.012659999999999894e+00
4.090610000000000079e-01
9.795139999999999958e-01
4.649079999999999879e-02
0.000000000000000000e+00
1.000390000000000029e-01
1.683499999999999996e-01
0.000000000000000000e+00
0.000000000000000000e+00
0.000000000000000000e+00
7.573979999999999602e-02
3.197139999999999982e-01
0.000000000000000000e+00
5.026869999999999949e-01
0.000000000000000000e+00
0.000000000000000000e+00
0.000000000000000000e+00
1.488609999999999989e+00
0.000000000000000000e+00
7.861160000000000370e-02
0.000000000000000000e+00
0.000000000000000000e+00
2.875809999999999755e-01
0.000000000000000000e+00
1.651259999999999950e-01
5.864740000000000508e-01
0.000000000000000000e+00
0.000000000000000000e+00
4.390419999999999878e-01
0.000000000000000000e+00
0.000000000000000000e+00
2.274339999999999973e-01
2.642220000000000124e-01
7.288130000000000441e-01
-4.580230000000000135e-01
0.000000000000000000e+00
0.000000000000000000e+00
0.000000000000000000e+00
0.000000000000000000e+00
1.843839999999999923e-01
0.000000000000000000e+00
0.000000000000000000e+00
0.000000000000000000e+00
0.000000000000000000e+00
5.786940000000000417e-01
-5.753540000000000321e-01
0.000000000000000000e+00
3.091269999999999851e-01
3.882320000000000215e-01
0.000000000000000000e+00
0.000000000000000000e+00
7.240689999999999626e-01
0.000000000000000000e+00
3.411879999999999913e-01
-1.930469999999999964e-01
-2.386500000000000166e-03
0.000000000000000000e+00
-9.571159999999999390e-02
7.552450000000000552e-01
-6.360559999999999825e-02
0.000000000000000000e+00
6.909490000000000354e-01
-8.593000000000000638e-02
0.000000000000000000e+00
0.000000000000000000e+00
-7.040129999999999999e-01
0.000000000000000000e+00
-4.592439999999999856e-01
0.000000000000000000e+00
0.000000000000000000e+00
0.000000000000000000e+00
0.000000000000000000e+00
0.000000000000000000e+00
0.000000000000000000e+00
0.000000000000000000e+00
0.000000000000000000e+00
0.000000000000000000e+00
-2.103859999999999897e-01
-1.468109999999999971e-01
-8.005589999999999928e-02
0.000000000000000000e+00
0.000000000000000000e+00
4.079840000000000133e-01
0.000000000000000000e+00
0.000000000000000000e+00
0.000000000000000000e+00
0.000000000000000000e+00
-6.530399999999999539e-01
-1.576639999999999986e-02
-1.122950000000000059e-01
0.000000000000000000e+00
0.000000000000000000e+00
0.000000000000000000e+00
-1.200630000000000086e+00
0.000000000000000000e+00
0.000000000000000000e+00
0.000000000000000000e+00
0.000000000000000000e+00
-4.591689999999999661e-02
7.684999999999999609e-01
6.251949999999999452e-01
0.000000000000000000e+00
0.000000000000000000e+00
8.405249999999999666e-01
0.000000000000000000e+00
-3.998720000000000052e-01
-6.245989999999999875e-03
-1.199230000000000018e+00
0.000000000000000000e+00
1.271130000000000038e-01
0.000000000000000000e+00
0.000000000000000000e+00
0.000000000000000000e+00
0.000000000000000000e+00
0.000000000000000000e+00
-4.842919999999999864e-02
0.000000000000000000e+00
0.000000000000000000e+00
1.107810000000000045e-01
2.988830000000000098e-01
-4.288959999999999995e-01
0.000000000000000000e+00
0.000000000000000000e+00
0.000000000000000000e+00
8.087199999999999944e-02
6.694320000000000270e-01
-1.013150000000000023e-01
-2.999169999999999892e-01
-2.424199999999999966e-01
0.000000000000000000e+00
0.000000000000000000e+00
7.852090000000000458e-01
3.636789999999999745e-01
1.253889999999999949e+00
-2.796899999999999942e-01
0.000000000000000000e+00
0.000000000000000000e+00
0.000000000000000000e+00
0.000000000000000000e+00
0.000000000000000000e+00
0.000000000000000000e+00
-6.467889999999999473e-01
0.000000000000000000e+00
0.000000000000000000e+00
3.007960000000000078e-01
-1.930469999999999964e-01
0.000000000000000000e+00
0.000000000000000000e+00
0.000000000000000000e+00
0.000000000000000000e+00
0.000000000000000000e+00
0.000000000000000000e+00
0.000000000000000000e+00
0.000000000000000000e+00
0.000000000000000000e+00
0.000000000000000000e+00
0.000000000000000000e+00
0.000000000000000000e+00
0.000000000000000000e+00
0.000000000000000000e+00
-5.877609999999999779e-01
-1.419850000000000001e-01
0.000000000000000000e+00
0.000000000000000000e+00
-8.381110000000000504e-01
0.000000000000000000e+00
0.000000000000000000e+00
0.000000000000000000e+00
0.000000000000000000e+00
0.000000000000000000e+00
0.000000000000000000e+00
0.000000000000000000e+00
0.000000000000000000e+00
0.000000000000000000e+00
0.000000000000000000e+00
-1.987859999999999905e-01
0.000000000000000000e+00
-2.550859999999999794e-01
0.000000000000000000e+00
-1.059199999999999919e+00
-5.073800000000000532e-01
0.000000000000000000e+00
0.000000000000000000e+00
-4.814249999999999918e-01
0.000000000000000000e+00
-1.707120000000000026e-01
4.579599999999999782e-01
-8.290799999999999559e-02
0.000000000000000000e+00
0.000000000000000000e+00
7.188320000000000265e-01
0.000000000000000000e+00
0.000000000000000000e+00
-5.210090000000000554e-01
-2.455259999999999942e-01
-5.972009999999999819e-01
0.000000000000000000e+00
-8.104749999999999455e-01
0.000000000000000000e+00
0.000000000000000000e+00
3.255000000000000115e-01
-6.802150000000000141e-01
-1.022809999999999997e+00
-3.527219999999999800e-01
0.000000000000000000e+00
0.000000000000000000e+00
1.248920000000000030e+00
-8.422030000000000349e-01
-1.075690000000000035e+00
-1.497079999999999966e+00
0.000000000000000000e+00
0.000000000000000000e+00
-5.243100000000000538e-01
0.000000000000000000e+00
0.000000000000000000e+00
0.000000000000000000e+00
0.000000000000000000e+00
-1.532939999999999997e-02
0.000000000000000000e+00
0.000000000000000000e+00
0.000000000000000000e+00
0.000000000000000000e+00
0.000000000000000000e+00
-7.540729999999999933e-01
-3.605539999999999856e-01
0.000000000000000000e+00
0.000000000000000000e+00
0.000000000000000000e+00
0.000000000000000000e+00
0.000000000000000000e+00
-1.907589999999999980e-02
0.000000000000000000e+00
0.000000000000000000e+00
-4.708479999999999888e-01
-4.885180000000000078e-01
4.932440000000000158e-01
0.000000000000000000e+00
-1.618509999999999893e+00
0.000000000000000000e+00
