-1.075299999999999923e+00
0.000000000000000000e+00
4.597450000000000148e-02
0.000000000000000000e+00
0.000000000000000000e+00
0.000000000000000000e+00
-2.643420000000000214e-01
0.000000000000000000e+00
0.000000000000000000e+00
3.521380000000000177e+00
0.000000000000000000e+00
0.000000000000000000e+00
2.970120000000000093e+00
-5.618300000000000516e-01
1.633960000000000135e-01
0.000000000000000000e+00
0.000000000000000000e+00
0.000000000000000000e+00
0.000000000000000000e+00
0.000000000000000000e+00
0.000000000000000000e+00
-7.328900000000000414e-01
0.000000000000000000e+00
-3.935879999999999934e-01
0.000000000000000000e+00
-7.050289999999999335e-02
0.000000000000000000e+00
0.000000000000000000e+00
-5.512939999999999507e-01
0.000000000000000000e+00
0.000000000000000000e+00
-4.382210000000000272e-01
0.000000000000000000e+00
1.574379999999999891e+00
0.000000000000000000e+00
-2.334360000000000046e-01
0.000000000000000000e+00
2.209210000000000063e-01
0.000000000000000000e+00
1.694140000000000090e-01
-1.367169999999999996e+00
1.147180000000000089e+00
0.000000000000000000e+00
1.146139999999999937e-01
0.000000000000000000e+00
0.000000000000000000e+00
0.000000000000000000e+00
-1.679799999999999960e+00
0.000000000000000000e+00
0.000000000000000000e+00
0.000000000000000000e+00
0.000000000000000000e+00
0.000000000000000000e+00
-5.034110000000000529e-01
0.000000000000000000e+00
0.000000000000000000e+00
-7.838390000000000635e-02
-3.874710000000000099e-01
1.093299999999999939e+00
2.829209999999999781e-01
0.000000000000000000e+00
3.032690000000000108e+00
-1.825209999999999999e+00
0.000000000000000000e+00
-7.916910000000000336e-01
0.000000000000000000e+00
-7.692160000000000108e-01
1.610790000000000000e-01
0.000000000000000000e+00
0.000000000000000000e+00
-3.416790000000000105e-01
-9.138209999999999944e-01
0.000000000000000000e+00
0.000000000000000000e+00
0.000000000000000000e+00
0.000000000000000000e+00
0.000000000000000000e+00
0.000000000000000000e+00
0.000000000000000000e+00
0.000000000000000000e+00
-2.086430000000000007e+00
2.712740000000000151e+00
-3.427179999999999893e+00
0.000000000000000000e+00
0.000000000000000000e+00
0.000000000000000000e+00
0.000000000000000000e+00
-7.328700000000000214e-01
1.158919999999999950e-01
0.000000000000000000e+00
-4.124120000000000008e-01
0.000000000000000000e+00
3.701450000000000018e-01
-7.050289999999999335e-02
1.653559999999999919e+00
0.000000000000000000e+00
0.000000000000000000e+00
0.000000000000000000e+00
1.237820000000000031e-01
-8.084620000000000140e-01
-1.573439999999999950e+00
0.000000000000000000e+00
-1.485419999999999963e+00
-1.912279999999999980e+00
-1.776029999999999998e+00
-1.173100000000000032e+00
-2.524100000000000232e-01
0.000000000000000000e+00
0.000000000000000000e+00
0.000000000000000000e+00
0.000000000000000000e+00
-9.681499999999999551e-01
5.314069999999999627e-01
4.446259999999999796e-02
8.703640000000000265e-01
0.000000000000000000e+00
-1.857050000000000090e-01
0.000000000000000000e+00
0.000000000000000000e+00
-7.314800000000000191e-01
-1.011239999999999917e+00
0.000000000000000000e+00
-2.680950000000000086e-03
0.000000000000000000e+00
0.000000000000000000e+00
3.335860000000000214e-02
-5.556099999999999817e+00
0.000000000000000000e+00
0.000000000000000000e+00
-3.245000000000000107e-01
0.000000000000000000e+00
3.694950000000000179e-01
0.000000000000000000e+00
0.000000000000000000e+00
-3.035510000000000153e-01
-1.115469999999999934e-01
1.804699999999999971e+00
1.125529999999999919e+00
0.000000000000000000e+00
-3.458840000000000248e-01
0.000000000000000000e+00
-9.827760000000000662e-02
0.000000000000000000e+00
0.000000000000000000e+00
-1.955030000000000101e-01
-9.572249999999999925e-01
1.959319999999999951e+00
2.033430000000000071e+00
0.000000000000000000e+00
0.000000000000000000e+00
0.000000000000000000e+00
-5.753910000000000274e-02
-3.622199999999999864e-01
-1.244499999999999940e+00
-1.378779999999999895e+00
-1.735949999999999993e-01
1.314929999999999932e+00
8.985560000000000214e-01
0.000000000000000000e+00
2.454610000000000181e+00
0.000000000000000000e+00
0.000000000000000000e+00
-9.583279999999999577e-01
1.193990000000000107e+00
-1.834739999999999982e-01
1.815050000000000052e+00
7.682759999999999589e-02
1.338000000000000078e+00
-6.782510000000000483e-01
0.000000000000000000e+00
-1.382710000000000106e+00
0.000000000000000000e+00
0.000000000000000000e+00
0.000000000000000000e+00
0.000000000000000000e+00
-7.495079999999999520e-01
-2.452010000000000023e+00
0.000000000000000000e+00
-1.249060000000000059e+00
-1.907299999999999995e+00
1.238229999999999942e+00
0.000000000000000000e+00
-3.098870000000000235e-01
3.491860000000000103e-02
6.659190000000000387e-01
0.000000000000000000e+00
7.379590000000000316e-01
2.473770000000000135e-01
-3.278530000000000055e-01
-4.601820000000000389e-03
1.208690000000000042e+00
0.000000000000000000e+00
0.000000000000000000e+00
-9.665329999999999755e-01
0.000000000000000000e+00
0.000000000000000000e+00
0.000000000000000000e+00
0.000000000000000000e+00
0.000000000000000000e+00
2.146689999999999987e+00
2.749369999999999870e+00
1.397340000000000027e+00
-4.925579999999999958e-01
0.000000000000000000e+00
1.896110000000000018e-01
0.000000000000000000e+00
0.000000000000000000e+00
-3.123369999999999980e+00
0.000000000000000000e+00
-7.080330000000000235e-01
0.000000000000000000e+00
0.000000000000000000e+00
0.000000000000000000e+00
0.000000000000000000e+00
0.000000000000000000e+00
0.000000000000000000e+00
0.000000000000000000e+00
0.000000000000000000e+00
0.000000000000000000e+00
-4.929939999999999878e-01
-4.483469999999999955e-01
1.484439999999999982e+00
-8.766249999999999876e-01
8.297139999999999516e-01
0.000000000000000000e+00
-1.577429999999999943e-01
0.000000000000000000e+00
0.000000000000000000e+00
0.000000000000000000e+00
1.053670000000000107e+00
0.000000000000000000e+00
0.000000000000000000e+00
0.000000000000000000e+00
1.328779999999999961e-01
0.000000000000000000e+00
0.000000000000000000e+00
1.085420000000000051e+00
0.000000000000000000e+00
0.000000000000000000e+00
0.000000000000000000e+00
1.454250000000000043e+00
-3.583089999999999886e+00
0.000000000000000000e+00
-3.651440000000000241e-01
0.000000000000000000e+00
-1.772429999999999950e+00
0.000000000000000000e+00
0.000000000000000000e+00
0.000000000000000000e+00
0.000000000000000000e+00
6.663819999999999466e-02
-2.288010000000000044e-01
0.000000000000000000e+00
2.238340000000000052e-01
0.000000000000000000e+00
0.000000000000000000e+00
3.551440000000000152e-01
2.572929999999999939e+00
0.000000000000000000e+00
-8.008719999999999728e-02
-8.096160000000000023e-01
4.160960000000000214e-01
0.000000000000000000e+00
1.664190000000000114e-01
-1.150770000000000071e+00
0.000000000000000000e+00
0.000000000000000000e+00
-3.458159999999999901e+00
-1.162070000000000047e-01
-2.255220000000000002e-01
0.000000000000000000e+00
5.575940000000000341e-01
-1.333920000000000106e-01
0.000000000000000000e+00
0.000000000000000000e+00
0.000000000000000000e+00
3.514700000000000046e-01
0.000000000000000000e+00
9.956199999999999495e-01
0.000000000000000000e+00
2.067200000000000149e+00
-7.125539999999999652e-02
1.935489999999999933e+00
0.000000000000000000e+00
2.600219999999999754e-01
1.535670000000000091e+00
4.789579999999999949e-01
1.299020000000000064e+00
2.613439999999999860e-03
1.635089999999999877e-01
0.000000000000000000e+00
0.000000000000000000e+00
4.570359999999999701e-02
0.000000000000000000e+00
5.626550000000000162e-01
-1.079800000000000093e+00
0.000000000000000000e+00
1.071450000000000007e-02
1.249179999999999957e+00
-7.110499999999999599e-01
0.000000000000000000e+00
0.000000000000000000e+00
1.138589999999999991e+00
0.000000000000000000e+00
0.000000000000000000e+00
6.939449999999999785e-02
-2.574250000000000149e-02
1.165999999999999925e+00
3.024140000000000050e+00
0.000000000000000000e+00
2.273730000000000029e+00
8.386360000000000481e-01
6.718610000000000415e-01
5.786540000000000017e-01
-7.251819999999999933e-01
1.621309999999999973e-01
-1.134009999999999962e+00
1.118689999999999962e+00
-3.814410000000000023e-02
0.000000000000000000e+00
-4.450290000000000079e-01
3.448570000000000246e-01
1.265889999999999960e+00
0.000000000000000000e+00
0.000000000000000000e+00
9.900960000000000316e-02
0.000000000000000000e+00
0.000000000000000000e+00
6.268559999999999688e-01
0.000000000000000000e+00
5.001679999999999460e-01
-3.681369999999999920e-01
0.000000000000000000e+00
0.000000000000000000e+00
0.000000000000000000e+00
-1.268839999999999968e-01
0.000000000000000000e+00
1.776180000000000092e+00
3.153200000000000003e+00
9.433869999999999756e-01
-3.404099999999999904e-01
0.000000000000000000e+00
-1.241589999999999971e+00
3.180529999999999746e-01
-7.587650000000000228e-01
1.668330000000000091e-01
2.096340000000000009e-02
0.000000000000000000e+00
5.125060000000000171e-01
1.158260000000000067e+00
2.019099999999999895e+00
0.000000000000000000e+00
9.790299999999999558e-01
6.963190000000000213e-01
-6.094970000000000249e-02
5.525010000000000199e-01
0.000000000000000000e+00
3.597029999999999950e-01
7.514570000000000416e-01
1.350610000000000088e+00
1.821159999999999890e+00
7.355049999999999644e-01
5.905350000000000321e-01
-3.131300000000000194e-01
1.967480000000000062e-01
-3.387609999999999788e-01
0.000000000000000000e+00
0.000000000000000000e+00
0.000000000000000000e+00
5.581649999999999806e-02
2.137799999999999978e-01
2.679549999999999987e-02
1.508309999999999929e-01
0.000000000000000000e+00
0.000000000000000000e+00
0.000000000000000000e+00
-1.956029999999999935e+00
0.000000000000000000e+00
0.000000000000000000e+00
0.000000000000000000e+00
0.000000000000000000e+00
-6.345260000000000344e-01
5.436499999999999666e-01
0.000000000000000000e+00
0.000000000000000000e+00
0.000000000000000000e+00
0.000000000000000000e+00
0.000000000000000000e+00
7.023070000000000146e-01
0.000000000000000000e+00
0.000000000000000000e+00
-5.144239999999999924e-01
0.000000000000000000e+00
0.000000000000000000e+00
0.000000000000000000e+00
0.000000000000000000e+00
0.000000000000000000e+00
0.000000000000000000e+00
0.000000000000000000e+00
0.000000000000000000e+00
0.000000000000000000e+00
0.000000000000000000e+00
0.000000000000000000e+00
0.000000000000000000e+00
-1.265130000000000088e+00
0.000000000000000000e+00
0.000000000000000000e+00
-1.584649999999999892e+00
-5.937710000000000488e-01
-3.312769999999999881e-01
-7.064740000000000464e-01
0.000000000000000000e+00
-1.359589999999999965e-01
-4.237810000000000188e-01
-7.836170000000000080e-01
0.000000000000000000e+00
-2.477040000000000075e-01
0.000000000000000000e+00
4.749959999999999738e-01
0.000000000000000000e+00
-2.486509999999999998e+00
0.000000000000000000e+00
-1.351480000000000015e+00
0.000000000000000000e+00
-9.711800000000000432e-01
0.000000000000000000e+00
1.329660000000000009e-01
-1.841450000000000031e+00
0.000000000000000000e+00
-1.598440000000000083e+00
-7.142160000000000175e-02
0.000000000000000000e+00
-1.186120000000000063e+00
-1.550019999999999953e+00
0.000000000000000000e+00
-3.822800000000000087e-01
7.966509999999999980e-01
-6.585579999999999767e-01
0.000000000000000000e+00
-8.677949999999999831e-01
-3.273690000000000211e-01
-1.316689999999999916e+00
0.000000000000000000e+00
-7.190159999999999885e-01
6.215680000000000094e-01
3.972889999999999755e-02
0.000000000000000000e+00
-6.271010000000000195e-01
6.132760000000000433e-01
1.864540000000000086e-01
-2.169059999999999988e+00
4.186830000000000274e-01
-2.546930000000000027e-01
-6.148660000000000236e-01
0.000000000000000000e+00
-1.908569999999999989e-01
-2.319389999999999841e+00
-3.178799999999999959e-01
-7.039149999999999574e-01
-1.961659999999999959e+00
-5.167439999999999811e-01
-9.701629999999999976e-01
-1.536589999999999900e+00
0.000000000000000000e+00
0.000000000000000000e+00
0.000000000000000000e+00
